Symbol,Date,Open,High,Low,Close,Volume
AAL,23-Jul-2015,42.78,43.81,42,42.61,16579800
AAME,23-Jul-2015,3.7,3.7,3.65,3.65,1400
AAOI,23-Jul-2015,18.36,19,18.36,18.72,299100
AAON,23-Jul-2015,23,23.05,22.58,22.6,113700
AAPC,23-Jul-2015,10.17,10.17,10.15,10.15,3900
AAPL,23-Jul-2015,126.2,127.09,125.06,125.16,50999400
AAWW,23-Jul-2015,51,51.98,49.17,49.6,609900
AAXJ,23-Jul-2015,60.65,60.79,60.33,60.44,1441600
ABAC,23-Jul-2015,4.6,4.92,4.6,4.8,3000
ABAX,23-Jul-2015,56.26,56.79,55.28,55.66,369800
ABCB,23-Jul-2015,26.31,26.48,25.72,25.99,125700
ABCD,23-Jul-2015,5.1,5.1,4.97,5.02,137500
ABCO,23-Jul-2015,57.75,57.79,56.98,57.37,256000
ABDC,23-Jul-2015,12.8,12.94,12.71,12.87,19800
ABEO,23-Jul-2015,5.9,6.12,5.84,5.9,284700
ABEOW,23-Jul-2015,1.9,1.9,1.9,1.9,0
ABIO,23-Jul-2015,8.05,8.33,7.42,7.63,648900
ABMD,23-Jul-2015,75.33,75.8,73,73.19,530300
ABTL,23-Jul-2015,15.92,16.05,15.73,15.96,78700
ABY,23-Jul-2015,28.88,31.71,28.26,28.41,997400
ACAD,23-Jul-2015,49.79,49.85,48.77,49.32,684100
ACAS,23-Jul-2015,13.42,13.48,13.28,13.36,1044700
ACAT,23-Jul-2015,30.23,30.55,29.03,29.41,227700
ACET,23-Jul-2015,25.67,25.67,24.63,24.87,170800
ACFC,23-Jul-2015,4.71,4.75,4.65,4.71,39600
ACGL,23-Jul-2015,70.45,70.51,69.99,70.08,234800
ACHC,23-Jul-2015,79.89,80.35,79.12,79.7,313700
ACHN,23-Jul-2015,9.06,9.17,8.94,8.97,1721500
ACIW,23-Jul-2015,24,24.03,23.4,23.43,502200
ACLS,23-Jul-2015,11.8,12,11.4,11.4,687600
ACNB,23-Jul-2015,20.45,20.45,20.23,20.26,2500
ACOR,23-Jul-2015,35.31,35.65,34.71,34.75,262700
ACPW,23-Jul-2015,1.88,1.91,1.88,1.88,7800
ACRX,23-Jul-2015,4.27,4.5,4.27,4.42,580200
ACSF,23-Jul-2015,12.88,13.03,12.81,12.85,30000
ACST,23-Jul-2015,3.7,3.8,3.4,3.6,481500
ACTA,23-Jul-2015,14.23,14.25,14.02,14.04,138700
ACTG,23-Jul-2015,8.59,9.55,8.57,9.44,1431900
ACTS,23-Jul-2015,1.5,1.51,1.5,1.5,19200
ACTX,23-Jul-2015,14.35,14.35,14.35,14.35,4300
ACUR,23-Jul-2015,0.83,0.87,0.82,0.82,47300
ACWI,23-Jul-2015,60.4,60.53,59.92,60.02,621000
ACWX,23-Jul-2015,44.34,44.39,44.04,44.08,220300
ACXM,23-Jul-2015,17.81,17.89,17.71,17.86,635100
ADAP,23-Jul-2015,17.77,18.21,16.31,16.59,132700
ADBE,23-Jul-2015,80.8,81.4,80.48,80.64,2579400
ADHD,23-Jul-2015,7.46,7.68,7.21,7.49,92300
ADI,23-Jul-2015,58.99,61.22,58.75,60.05,3235500
ADMA,23-Jul-2015,9.22,9.22,9.01,9.09,3800
ADMP,23-Jul-2015,4.23,4.34,4.23,4.26,13100
ADMS,23-Jul-2015,27.88,28.24,27.37,27.53,99100
ADP,23-Jul-2015,81.42,81.53,80.72,80.94,1368500
ADRA,23-Jul-2015,29.84,29.96,29.74,29.75,1800
ADRD,23-Jul-2015,23.77,23.8,23.67,23.67,11700
ADRE,23-Jul-2015,33.75,33.89,33.59,33.64,19500
ADRO,23-Jul-2015,28.99,29.5,28.52,28.73,126800
ADRU,23-Jul-2015,23.5,23.5,23.5,23.5,0
ADSK,23-Jul-2015,52,52.95,51.88,52.35,1699400
ADTN,23-Jul-2015,16.38,16.49,16.28,16.39,607300
ADUS,23-Jul-2015,27.45,27.78,27.22,27.42,52800
ADXS,23-Jul-2015,18.69,19.28,18.2,18.24,690500
ADXSW,23-Jul-2015,14.54,14.59,13.48,13.48,3300
AEGN,23-Jul-2015,17.38,17.55,16.92,17.02,126000
AEGR,23-Jul-2015,18.62,18.69,18.22,18.29,262800
AEHR,23-Jul-2015,2.04,2.05,1.96,2.01,20600
AEIS,23-Jul-2015,26.68,27.15,26.39,26.71,449000
AEMD,23-Jul-2015,10.6,11.4,10.6,11.1,80100
AEPI,23-Jul-2015,60.97,61.55,60.15,60.85,15500
AERI,23-Jul-2015,18.67,19.4,18.33,19.22,784800
AETI,23-Jul-2015,4.5,4.55,4.5,4.55,62400
AEY,23-Jul-2015,2.29,2.3,2.29,2.3,200
AEZS,23-Jul-2015,22,22,19,20,4039900
AFAM,23-Jul-2015,44.12,44.85,43.64,43.88,68800
AFH,23-Jul-2015,19.16,19.2,18.76,18.85,20700
AFMD,23-Jul-2015,18.52,19,17.58,17.61,271400
AFSI,23-Jul-2015,33.94,34.005,33.795,33.985,268900
AGEN,23-Jul-2015,8.95,9.32,8.55,8.95,1744700
AGII,23-Jul-2015,56.85,56.95,55.78,55.81,96200
AGIIL,23-Jul-2015,25.55,25.57,25.26,25.42,7500
AGIO,23-Jul-2015,117.04,120.96,116.51,118.42,250400
AGNC,23-Jul-2015,19.02,19.02,18.84,18.89,3372800
AGNCB,23-Jul-2015,24.03,24.05,23.94,23.95,8100
AGNCP,23-Jul-2015,24.91,24.98,24.84,24.95,10500
AGND,23-Jul-2015,45.24,45.24,44.95,45.03,7000
AGRX,23-Jul-2015,10.8,10.8,10.51,10.55,39800
AGTC,23-Jul-2015,18.65,19.29,18.16,18.39,75300
AGYS,23-Jul-2015,9.24,9.24,9.1,9.17,29000
AGZD,23-Jul-2015,48.72,49,48.59,48.93,7700
AHGP,23-Jul-2015,35.57,35.72,34.88,34.97,66400
AHPI,23-Jul-2015,1.6,1.6,1.55,1.55,4500
AIMC,23-Jul-2015,26.1,27.27,24.94,25.51,158700
AINV,23-Jul-2015,6.84,6.86,6.76,6.78,1946300
AIQ,23-Jul-2015,16.61,16.61,15.86,16.04,21600
AIRM,23-Jul-2015,41.84,42.73,41.04,41.2,222400
AIRR,23-Jul-2015,17.57,17.69,17.41,17.41,50500
AIRT,23-Jul-2015,23.02,23.02,23.02,23.02,0
AIXG,23-Jul-2015,5.73,5.75,5.66,5.7,24600
AKAM,23-Jul-2015,72.94,74.18,72.56,73.51,1030000
AKAO,23-Jul-2015,7.02,7.25,7.01,7.17,169600
AKBA,23-Jul-2015,10.92,11.42,10.92,11.07,365200
AKER,23-Jul-2015,4.37,4.52,4.14,4.41,24600
AKRX,23-Jul-2015,45.75,46.5,45.22,46.01,981700
ALCO,23-Jul-2015,48,48.41,46.15,46.22,14000
ALDR,23-Jul-2015,49.19,49.44,48.18,48.85,257400
ALDX,23-Jul-2015,10.63,10.9,10.06,10.19,25700
ALGN,23-Jul-2015,65.74,66.53,65.17,65.59,1484200
ALGT,23-Jul-2015,206.1,208.89,203.26,205.05,199200
ALIM,23-Jul-2015,4.94,4.94,4.5,4.59,312400
ALKS,23-Jul-2015,70.33,70.75,68.51,69,454600
ALLT,23-Jul-2015,5.35,5.45,5.34,5.4,82200
ALNY,23-Jul-2015,134.24,136.28,132.13,133.49,409900
ALOG,23-Jul-2015,81.77,81.87,81.11,81.6,107900
ALOT,23-Jul-2015,14.07,14.25,14.01,14.12,16000
ALQA,23-Jul-2015,5.07,5.2,5.06,5.09,20000
ALRM,23-Jul-2015,18.05,18.46,17.27,17.74,486400
ALSK,23-Jul-2015,2.15,2.19,2.02,2.03,176200
ALTY,23-Jul-2015,15.09,15.09,14.8,14.8,3900
ALXN,23-Jul-2015,206.66,208.88,205.51,207.84,1012000
AMAG,23-Jul-2015,70,74.48,69.53,71.31,1179500
AMAT,23-Jul-2015,17.47,17.86,17.46,17.72,13400500
AMBA,23-Jul-2015,124.72,129.19,122.22,122.99,5374800
AMBC,23-Jul-2015,16.77,17.02,16.64,16.94,499600
AMBCW,23-Jul-2015,8.15,8.35,8.05,8.1,20900
AMCC,23-Jul-2015,5.9,6.13,5.9,5.93,537200
AMCN,23-Jul-2015,4.79,4.82,4.75,4.79,339600
AMCX,23-Jul-2015,85.38,85.49,83.86,83.95,246400
AMD,23-Jul-2015,1.8,1.81,1.75,1.76,10641800
AMDA,23-Jul-2015,8.25,8.25,8.1,8.1,2112100
AMED,23-Jul-2015,44.62,45.7,44.37,44.68,198400
AMGN,23-Jul-2015,165,165.12,162.79,164.1,1716200
AMKR,23-Jul-2015,5.23,5.39,5.12,5.13,1469900
AMNB,23-Jul-2015,23.47,23.47,23.04,23.15,11100
AMOT,23-Jul-2015,22.16,22.5,21.64,21.7,72700
AMOV,23-Jul-2015,19.49,19.49,19.28,19.31,2900
AMPH,23-Jul-2015,17.17,17.25,16.96,17,115700
AMRB,23-Jul-2015,9.99,9.99,9.98,9.99,2700
AMRI,23-Jul-2015,22.06,22.2,21.53,21.7,277700
AMRK,23-Jul-2015,10.5,10.5,10.48,10.48,1100
AMRN,23-Jul-2015,2.35,2.42,2.2,2.24,1823600
AMRS,23-Jul-2015,1.65,1.65,1.55,1.56,310500
AMSC,23-Jul-2015,5.1,5.2,4.95,4.97,58600
AMSF,23-Jul-2015,48.68,48.68,47.19,47.23,39900
AMSG,23-Jul-2015,70.63,71.43,70.2,70.39,227700
AMSGP,23-Jul-2015,136.51,136.51,136.51,136.51,600
AMSWA,23-Jul-2015,9.6,9.6,9.36,9.4,45000
AMTX,23-Jul-2015,3,3.16,2.9,2.98,15300
AMWD,23-Jul-2015,60.53,60.92,59.8,60.25,184000
AMZN,23-Jul-2015,491.66,491.66,475.7,482.18,9374400
ANAT,23-Jul-2015,106.37,106.89,104.76,105.13,54200
ANCB,23-Jul-2015,21.54,21.54,21.54,21.54,0
ANCX,23-Jul-2015,21.36,21.38,20.46,20.87,37700
ANDE,23-Jul-2015,36.53,36.7,36.03,36.22,152300
ANGI,23-Jul-2015,4.58,4.58,4.13,4.19,3209600
ANGO,23-Jul-2015,15.95,16,15.51,15.6,157900
ANIK,23-Jul-2015,35.25,35.74,34.97,35.55,165000
ANIP,23-Jul-2015,70.86,72.52,69.97,70.16,269300
ANSS,23-Jul-2015,93.74,94.35,93.22,93.49,424800
ANTH,23-Jul-2015,10.87,11.62,10.64,10.91,2033900
ANY,23-Jul-2015,5.55,5.62,5.27,5.5,147200
AOSL,23-Jul-2015,7.94,8.07,7.91,7.91,42300
APDN,23-Jul-2015,2.62,2.72,2.62,2.66,35000
APDNW,23-Jul-2015,1.23,1.23,1.22,1.22,500
APEI,23-Jul-2015,26.71,26.94,25.75,26.03,89000
APIC,23-Jul-2015,9.99,10.09,9.83,9.98,155300
APOG,23-Jul-2015,57,57,54.42,55.37,236700
APOL,23-Jul-2015,13.84,14,13.64,13.81,806400
APPF,23-Jul-2015,14.46,14.78,14,14.31,60000
APPS,23-Jul-2015,2.65,2.67,2.58,2.61,189900
APPY,23-Jul-2015,3.44,3.52,3.36,3.52,45200
APRI,23-Jul-2015,16.3,16.8,16,16.3,69900
APTO,23-Jul-2015,4.41,4.41,4.41,4.41,600
APWC,23-Jul-2015,2.24,2.24,2.24,2.24,100
AQXP,23-Jul-2015,1.72,1.74,1.57,1.7,145400
ARAY,23-Jul-2015,6.81,6.83,6.6,6.74,665600
ARCB,23-Jul-2015,31.11,31.22,30.15,30.45,293000
ARCC,23-Jul-2015,16.36,16.38,16.06,16.08,1153000
ARCI,23-Jul-2015,1.52,1.52,1.26,1.5,3300
ARCW,23-Jul-2015,4.39,4.8,4.32,4.39,26300
ARDM,23-Jul-2015,7.5,7.5,7.5,7.5,1400
ARDX,23-Jul-2015,18.22,18.86,18.09,18.1,63100
AREX,23-Jul-2015,4.42,4.47,4.15,4.45,1022700
ARGS,23-Jul-2015,5.86,6.24,5.85,6.2,160500
ARIA,23-Jul-2015,8.27,8.29,8.01,8.05,1548200
ARII,23-Jul-2015,44.96,44.96,42.77,43.33,236300
ARIS,23-Jul-2015,3.2,3.21,3.18,3.2,89700
ARKR,23-Jul-2015,24.65,24.65,24.38,24.38,300
ARLP,23-Jul-2015,23.59,23.69,23.05,23.33,215800
ARNA,23-Jul-2015,4.26,4.31,4.14,4.15,1963000
AROW,23-Jul-2015,28.51,28.51,27.8,27.9,12600
ARQL,23-Jul-2015,1.79,1.84,1.76,1.81,130200
ARRS,23-Jul-2015,30.41,30.87,29.84,30.63,1460400
ARRY,23-Jul-2015,6.66,6.71,6.55,6.59,1109300
ARTNA,23-Jul-2015,21.76,21.96,21.5,21.53,28700
ARTW,23-Jul-2015,4.61,4.75,4.61,4.7,1100
ARTX,23-Jul-2015,2.35,2.37,2.25,2.27,77600
ARWA,23-Jul-2015,9.8,9.8,9.8,9.8,0
ARWAR,23-Jul-2015,0.24,0.24,0.24,0.24,0
ARWAU,23-Jul-2015,10.15,10.15,10.15,10.15,0
ARWAW,23-Jul-2015,0.12,0.12,0.12,0.12,0
ARWR,23-Jul-2015,6.56,6.88,6.55,6.7,740200
ASBB,23-Jul-2015,22.55,22.55,22.55,22.55,100
ASCMA,23-Jul-2015,39.83,40.01,38.47,38.63,45400
ASFI,23-Jul-2015,8.1,8.1,8.08,8.08,5300
ASMB,23-Jul-2015,17.26,17.7,17,17.39,68600
ASML,23-Jul-2015,101.18,102.3,100.97,101.93,898100
ASNA,23-Jul-2015,13.19,13.54,12.79,12.81,3168000
ASND,23-Jul-2015,21.28,21.79,21,21.28,293400
ASPS,23-Jul-2015,35.64,41.23,35.2,39.54,1952500
ASRV,23-Jul-2015,3.37,3.41,3.35,3.41,9900
ASRVP,23-Jul-2015,27.23,27.25,27.2,27.21,2800
ASTC,23-Jul-2015,2.62,2.71,2.62,2.64,24600
ASTE,23-Jul-2015,38.5,38.94,37.13,37.78,214000
ASUR,23-Jul-2015,6.01,6.1,6.01,6.04,300
ASYS,23-Jul-2015,8.84,9.01,7.94,8.07,114500
ATAI,23-Jul-2015,4.33,4.33,4.15,4.18,18600
ATAX,23-Jul-2015,5.6,5.63,5.54,5.57,91400
ATEC,23-Jul-2015,16.32,16.56,16.2,16.32,32200
ATHN,23-Jul-2015,118.33,124.47,118.14,122.54,873500
ATHX,23-Jul-2015,1.15,1.17,1.13,1.13,214100
ATLC,23-Jul-2015,3.81,4.08,3.81,3.94,3200
ATLO,23-Jul-2015,25.3,25.46,24.51,24.52,11000
ATNI,23-Jul-2015,70.73,71.28,69.96,70.33,70900
ATOS,23-Jul-2015,15,15.45,14.55,14.7,172500
ATRA,23-Jul-2015,59.57,61.41,59.15,59.33,160300
ATRC,23-Jul-2015,24.86,25.3,24.39,24.51,115300
ATRI,23-Jul-2015,395.2,404.9,393.8,398.1,9300
ATRO,23-Jul-2015,67.38,68.71,66.4,66.54,123900
ATRS,23-Jul-2015,2.13,2.17,2.08,2.09,357400
ATSG,23-Jul-2015,10.65,10.65,10.2,10.23,208200
ATTU,23-Jul-2015,13.77,14.8,13.3,14.58,395600
ATVI,23-Jul-2015,25.95,26.25,25.81,25.94,3525400
AUBN,23-Jul-2015,27.15,27.15,27,27,400
AUDC,23-Jul-2015,2.85,2.93,2.77,2.78,80000
AUPH,23-Jul-2015,3.44,3.59,3.35,3.51,10300
AVAV,23-Jul-2015,26.8,27.17,26.6,26.67,104700
AVEO,23-Jul-2015,1.64,1.67,1.59,1.61,367500
AVGO,23-Jul-2015,131.18,135,130.5,131.97,3060800
AVGR,23-Jul-2015,13.67,13.97,13.17,13.51,49900
AVHI,23-Jul-2015,14,14.09,13.8,13.87,58900
AVID,23-Jul-2015,13.06,13.3,12.83,12.88,339200
AVNW,23-Jul-2015,14.28,14.4,13.8,13.8,46700
AWRE,23-Jul-2015,3.77,3.9,3.77,3.87,12200
AXAS,23-Jul-2015,1.96,1.98,1.69,1.97,2912200
AXDX,23-Jul-2015,30.56,31.29,28.87,28.88,215900
AXGN,23-Jul-2015,3.41,3.52,3.32,3.49,19200
AXTI,23-Jul-2015,2.43,2.47,2.38,2.43,89000
AYA,23-Jul-2015,24.1,24.6,23.94,24.44,22800
AZPN,23-Jul-2015,45.08,45.77,44.3,44.33,325500
BABY,23-Jul-2015,46.82,46.98,46,46.26,397900
BANF,23-Jul-2015,67.1,67.1,64.3,64.87,25100
BANFP,23-Jul-2015,27.45,27.45,27.45,27.45,300
BANR,23-Jul-2015,49.39,50.16,48.05,48.13,95900
BANX,23-Jul-2015,16.6,16.74,16.6,16.74,13700
BASI,23-Jul-2015,1.6,1.68,1.6,1.6,24600
BBBY,23-Jul-2015,67.46,67.81,67.14,67.27,780500
BBC,23-Jul-2015,38.69,39.1,38.12,38.26,17100
BBGI,23-Jul-2015,4.37,4.37,4.37,4.37,0
BBOX,23-Jul-2015,18.55,18.7,18.11,18.21,69800
BBP,23-Jul-2015,37.75,37.75,37,37.08,19900
BBRG,23-Jul-2015,12.84,12.97,12.48,12.59,53600
BBRY,23-Jul-2015,7.72,7.76,7.59,7.61,5192600
BBSI,23-Jul-2015,38.87,39.92,37.51,38.94,101700
BCBP,23-Jul-2015,11.56,11.67,11.56,11.56,5700
BCLI,23-Jul-2015,3.35,3.44,3.32,3.4,94600
BCOM,23-Jul-2015,17.89,17.89,17.89,17.89,100
BCOR,23-Jul-2015,15.8,15.89,15.43,15.61,177500
BCOV,23-Jul-2015,6.34,6.36,6.14,6.26,91000
BCPC,23-Jul-2015,55.84,56.38,55.05,55.31,107900
BCRX,23-Jul-2015,15.78,15.98,15.5,15.55,510300
BDE,23-Jul-2015,10.18,10.2,10.07,10.11,116600
BDGE,23-Jul-2015,26.86,27,26.34,26.42,21900
BDSI,23-Jul-2015,9.25,9.32,8.98,9.15,824100
BEAT,23-Jul-2015,11.25,11.55,11.1,11.13,219800
BEAV,23-Jul-2015,47.3,50.21,46.85,48.34,6044500
BEBE,23-Jul-2015,1.9,1.95,1.89,1.89,125700
BECN,23-Jul-2015,30.82,31.12,30.16,30.25,273800
BELFA,23-Jul-2015,17.91,17.91,17.36,17.36,1100
BELFB,23-Jul-2015,20.58,20.58,19.5,19.67,34900
BFIN,23-Jul-2015,12.01,12.01,11.78,11.89,21300
BGCP,23-Jul-2015,9.07,9.12,8.96,9.01,1171600
BGFV,23-Jul-2015,15.34,15.47,14.24,14.42,320500
BHAC,23-Jul-2015,9.8,9.8,9.8,9.8,0
BHACR,23-Jul-2015,0.22,0.22,0.22,0.22,0
BHACU,23-Jul-2015,10.15,10.15,10.15,10.15,0
BHACW,23-Jul-2015,0.15,0.15,0.15,0.15,0
BHBK,23-Jul-2015,14.8,14.95,14.61,14.75,254300
BIB,23-Jul-2015,103.38,104.38,101.75,102.42,545500
BICK,23-Jul-2015,22.51,22.51,22.51,22.51,0
BIDU,23-Jul-2015,207.32,209.75,206.5,207.63,3468900
BIIB,23-Jul-2015,394.17,396.23,384.51,385.05,2602400
BIOC,23-Jul-2015,7.8,7.89,7.62,7.8,195500
BIOD,23-Jul-2015,1.07,1.1,1.04,1.04,137700
BIOL,23-Jul-2015,1.44,1.5,1.44,1.48,53400
BIOS,23-Jul-2015,2.74,2.8,2.51,2.55,1743900
BIS,23-Jul-2015,24.9,25.18,24.53,25.05,450900
BJRI,23-Jul-2015,50.35,50.68,49.46,49.8,835500
BKCC,23-Jul-2015,9.07,9.1,8.92,8.96,394900
BKEP,23-Jul-2015,7,7.34,6.63,7.11,53700
BKEPP,23-Jul-2015,8.02,8.07,8.01,8.06,1400
BKMU,23-Jul-2015,7.37,7.43,7.19,7.25,77200
BKSC,23-Jul-2015,17.07,17.07,17.07,17.07,100
BLBD,23-Jul-2015,13.54,13.54,13.35,13.46,10800
BLCM,23-Jul-2015,19.18,19.25,18.72,18.79,265300
BLDP,23-Jul-2015,1.52,1.54,1.48,1.49,428500
BLDR,23-Jul-2015,13.8,14.09,13.74,13.95,1891300
BLFS,23-Jul-2015,2.38,2.41,2.35,2.39,31100
BLIN,23-Jul-2015,1.52,1.6,1.52,1.59,3400
BLKB,23-Jul-2015,61.05,61.32,59.17,59.49,179400
BLMN,23-Jul-2015,23.11,23.16,22.67,22.79,1066800
BLMT,23-Jul-2015,21.37,21.52,21.11,21.25,40300
BLPH,23-Jul-2015,7.95,7.95,7.38,7.51,7300
BLRX,23-Jul-2015,2.25,2.28,2.21,2.21,216000
BLUE,23-Jul-2015,162.11,165.67,161.32,163.54,541900
BLVD,23-Jul-2015,12.52,12.52,12.21,12.37,216300
BLVDU,23-Jul-2015,13.91,13.97,13.91,13.97,800
BLVDW,23-Jul-2015,3.75,3.75,3.09,3.09,29200
BMRC,23-Jul-2015,47.78,47.78,47.36,47.5,11800
BMRN,23-Jul-2015,146.87,149.54,146.02,148.05,2061200
BMTC,23-Jul-2015,30.53,30.53,29.54,29.66,34600
BNCL,23-Jul-2015,12.97,12.99,12.4,12.7,847900
BNCN,23-Jul-2015,22,22.36,21.86,22.15,172800
BNDX,23-Jul-2015,52.73,52.79,52.68,52.78,267200
BNFT,23-Jul-2015,44.37,46,43.53,45.72,134100
BNSO,23-Jul-2015,1.31,1.41,1.31,1.41,1100
BOBE,23-Jul-2015,51.35,51.35,49.8,49.88,212500
BOCH,23-Jul-2015,5.77,5.77,5.76,5.76,5100
BOFI,23-Jul-2015,29.76,29.825,29.005,29.245,219900
BOJA,23-Jul-2015,21.48,21.87,21.15,21.2,109600
BOKF,23-Jul-2015,68.42,68.42,66.82,67.03,154000
BONT,23-Jul-2015,5.07,5.09,4.97,5.06,48800
BOOM,23-Jul-2015,10.75,10.98,10.7,10.93,119100
BOSC,23-Jul-2015,2.2,2.2,2.2,2.2,400
BOTJ,23-Jul-2015,11.45,11.5,11.45,11.5,1300
BPFH,23-Jul-2015,13.24,13.31,12.93,12.98,454000
BPFHP,23-Jul-2015,25.9,25.9,25.62,25.62,3100
BPFHW,23-Jul-2015,6.06,6.06,6.06,6.06,0
BPMC,23-Jul-2015,30.33,30.33,28.66,29.13,55000
BPOP,23-Jul-2015,29.56,29.88,29.03,29.29,1174200
BPOPM,23-Jul-2015,18.78,18.78,18.4,18.42,24200
BPOPN,23-Jul-2015,19.84,19.85,19.41,19.6,23700
BPTH,23-Jul-2015,1.25,1.3,1.18,1.18,73100
BRCD,23-Jul-2015,10.25,10.38,10.11,10.19,5212600
BREW,23-Jul-2015,11,11,10.32,10.35,27000
BRID,23-Jul-2015,9.69,9.69,9.69,9.69,0
BRKL,23-Jul-2015,11.55,11.74,11.27,11.48,270000
BRKR,23-Jul-2015,21.44,21.48,21.26,21.41,379500
BRKS,23-Jul-2015,10.94,11.09,10.61,10.79,100200
BSET,23-Jul-2015,36.88,36.9,35.94,36.08,90800
BSF,23-Jul-2015,9.04,9.24,9.04,9.13,8500
BSFT,23-Jul-2015,34.43,35.47,34.31,34.53,151600
BSPM,23-Jul-2015,6.37,6.65,6.37,6.37,35400
BSQR,23-Jul-2015,6.35,6.65,6.33,6.33,123500
BSRR,23-Jul-2015,17.6,17.66,16.94,16.95,28200
BSTC,23-Jul-2015,61.26,63.96,60.67,61.23,68900
BUFF,23-Jul-2015,28.06,28.31,26.7,28.15,2973500
BUR,23-Jul-2015,2,2,1.92,1.92,2300
BUSE,23-Jul-2015,6.62,6.68,6.47,6.47,56200
BV,23-Jul-2015,5.78,5.85,5.61,5.63,270100
BVSN,23-Jul-2015,5.65,5.8,5.65,5.79,16900
BVXV,23-Jul-2015,4.38,4.38,4.35,4.38,2100
BVXVW,23-Jul-2015,0.88,0.88,0.87,0.87,1000
BWEN,23-Jul-2015,3.66,3.66,3.53,3.55,46500
BWFG,23-Jul-2015,17.86,17.86,17.86,17.86,1000
BWINA,23-Jul-2015,23.4,23.4,23.4,23.4,200
BWINB,23-Jul-2015,23.21,23.4,22.85,22.94,13300
BWLD,23-Jul-2015,175,175,171.17,171.86,620900
BYBK,23-Jul-2015,5,5,4.96,5,17400
BYFC,23-Jul-2015,1.25,1.25,1.25,1.25,0
BZUN,23-Jul-2015,9,9.44,8.65,8.68,587400
CA,23-Jul-2015,30.32,30.52,29.86,29.9,4951400
CAAS,23-Jul-2015,7.36,7.45,7.31,7.31,18600
CAC,23-Jul-2015,40.6,40.94,39.8,40.12,15200
CACB,23-Jul-2015,5.26,5.28,5.07,5.1,71500
CACC,23-Jul-2015,228.79,232.07,228.57,230.18,196600
CACQ,23-Jul-2015,6.7,7.06,6.7,6.9,63300
CADC,23-Jul-2015,3.53,3.53,3.53,3.53,200
CAFD,23-Jul-2015,16.9,17,16.6,16.82,256500
CAKE,23-Jul-2015,56.84,58.1,56.01,56.48,2356700
CALA,23-Jul-2015,8.39,8.8,7.97,8.06,1247100
CALD,23-Jul-2015,14.96,15.16,14.84,15.03,298800
CALI,23-Jul-2015,1.05,1.07,0.95,1.07,11300
CALL,23-Jul-2015,7.28,7.29,7.01,7.14,145100
CALM,23-Jul-2015,54.2,54.3,52.63,52.77,492500
CAMP,23-Jul-2015,18,18.19,17.8,17.96,287200
CAMT,23-Jul-2015,2.9,2.96,2.9,2.93,218800
CAPN,23-Jul-2015,2.99,3,2.59,2.63,68200
CAPNW,23-Jul-2015,0.9,0.9,0.75,0.8,2400
CAPR,23-Jul-2015,5,5,4.85,4.87,14000
CAPX,23-Jul-2015,24.02,24.02,24.02,24.02,100
CAR,23-Jul-2015,41.76,42.18,40.28,41.13,4423800
CARA,23-Jul-2015,19.47,21.71,18.05,18.99,3430100
CARB,23-Jul-2015,11.82,11.83,11.58,11.64,85500
CARO,23-Jul-2015,15,16.19,15,15.98,1600
CART,23-Jul-2015,5.45,5.5,5.35,5.49,900
CARV,23-Jul-2015,6.12,6.12,5.77,5.85,14900
CARZ,23-Jul-2015,37.72,37.85,37.65,37.67,2300
CASH,23-Jul-2015,52.79,53.51,50.66,50.94,48200
CASI,23-Jul-2015,1.68,1.71,1.64,1.64,6300
CASM,23-Jul-2015,1.22,1.25,1.19,1.2,59400
CASS,23-Jul-2015,56.82,56.82,53.11,53.34,24700
CASY,23-Jul-2015,99.73,99.73,98.16,98.31,171100
CATB,23-Jul-2015,14.4,14.64,14.28,14.5,93700
CATM,23-Jul-2015,34.91,35.36,34.64,34.75,216000
CATY,23-Jul-2015,34.15,34.3,33.36,33.45,597600
CATYW,23-Jul-2015,13.45,13.45,13.45,13.45,0
CAVM,23-Jul-2015,63.71,66.75,63.11,65.51,986100
CBAK,23-Jul-2015,2.92,2.92,2.75,2.9,22400
CBAN,23-Jul-2015,9,9.1,8.8,9.02,17100
CBAY,23-Jul-2015,2.95,3.22,2.9,3.05,415000
CBF,23-Jul-2015,30.45,30.85,29.11,29.26,167300
CBFV,23-Jul-2015,19.39,19.96,19.39,19.88,6300
CBLI,23-Jul-2015,4.06,4.06,3.58,3.58,321300
CBMG,23-Jul-2015,28.31,29.02,27.1,27.11,35500
CBMX,23-Jul-2015,25.2,25.2,24.15,24.15,4800
CBOE,23-Jul-2015,62.28,62.3,61.38,61.42,558000
CBPO,23-Jul-2015,119.69,119.69,118.27,118.71,264100
CBRL,23-Jul-2015,151.57,152.57,149.2,150,294600
CBSH,23-Jul-2015,48.23,48.39,47.53,47.73,527300
CBSHP,23-Jul-2015,25.6,25.66,25.47,25.59,22800
CBYL,23-Jul-2015,7.59,8.03,6.92,7.47,52000
CCBG,23-Jul-2015,15.57,15.71,15.26,15.26,10800
CCCL,23-Jul-2015,7.68,7.84,7.68,7.68,11700
CCCR,23-Jul-2015,0.9,0.9,0.87,0.88,24000
CCD,23-Jul-2015,21.95,22.28,21.15,21.15,139000
CCIH,23-Jul-2015,10.57,10.71,10.22,10.24,160600
CCLP,23-Jul-2015,15.46,15.83,15.03,15.27,79600
CCMP,23-Jul-2015,43.77,43.77,41.57,43.01,380900
CCNE,23-Jul-2015,18.41,18.45,17.74,17.75,16100
CCOI,23-Jul-2015,32.32,32.5,32.09,32.12,301100
CCRN,23-Jul-2015,12.75,12.75,12.19,12.36,120800
CCUR,23-Jul-2015,6.31,6.39,6.21,6.25,12400
CCXI,23-Jul-2015,8.68,8.84,8.39,8.4,21700
CDC,23-Jul-2015,35.89,35.89,35.72,35.72,4800
CDK,23-Jul-2015,52.44,52.81,51.84,51.86,449200
CDL,23-Jul-2015,35.25,35.25,35.25,35.25,0
CDNA,23-Jul-2015,7.05,7.05,7.02,7.02,2300
CDNS,23-Jul-2015,19.56,19.67,19.26,19.3,2977100
CDOR,23-Jul-2015,2.68,2.69,2.31,2.38,5300
CDTI,23-Jul-2015,8.95,9.05,8.85,9,52800
CDTX,23-Jul-2015,14.63,14.9,14.32,14.57,66200
CDW,23-Jul-2015,34.25,34.57,34.03,34.23,788500
CDXS,23-Jul-2015,4.02,4.07,3.94,4.01,22900
CDZI,23-Jul-2015,8.23,8.46,8.14,8.24,415500
CECE,23-Jul-2015,9.7,9.75,9.38,9.43,76100
CECO,23-Jul-2015,3.55,3.6,3.35,3.36,395900
CELG,23-Jul-2015,137.77,140.72,136.5,139.01,5594000
CELGZ,23-Jul-2015,2.3,2.3,2.15,2.2,23300
CEMI,23-Jul-2015,5.08,5.19,5.08,5.1,8700
CEMP,23-Jul-2015,45.1,45.95,44.26,45,528100
CENT,23-Jul-2015,9.8,9.8,9.63,9.65,33900
CENTA,23-Jul-2015,10.83,10.83,10.59,10.6,106300
CENX,23-Jul-2015,9.17,9.26,8.61,8.66,2068900
CERN,23-Jul-2015,72.03,72.13,69.8,70,2303800
CERS,23-Jul-2015,5.6,5.69,5.43,5.49,697100
CERU,23-Jul-2015,4.17,4.31,4.17,4.24,44900
CETV,23-Jul-2015,2.08,2.11,1.94,1.96,307500
CETX,23-Jul-2015,2.7,2.96,2.7,2.89,7600
CEVA,23-Jul-2015,17.41,17.81,17.27,17.34,134600
CFA,23-Jul-2015,37.46,37.46,37.46,37.46,100
CFBK,23-Jul-2015,1.34,1.38,1.34,1.37,6800
CFFI,23-Jul-2015,33.5,36.06,33.2,35.92,36800
CFFN,23-Jul-2015,12.09,12.1,11.99,12.01,693500
CFMS,23-Jul-2015,22.7,22.7,22.35,22.51,76300
CFNB,23-Jul-2015,13.58,13.58,13.58,13.58,0
CFNL,23-Jul-2015,23.16,23.44,22.89,22.95,238600
CFO,23-Jul-2015,37.38,37.41,37.11,37.12,12400
CFRX,23-Jul-2015,5.16,5.31,5.14,5.25,9600
CFRXW,23-Jul-2015,1.65,1.65,1.65,1.65,0
CG,23-Jul-2015,27.8,27.85,26.66,26.9,661400
CGEN,23-Jul-2015,6.66,6.8,6.32,6.38,183800
CGIX,23-Jul-2015,11.21,11.39,9.95,10.27,201200
CGNT,23-Jul-2015,1.68,1.7,1.64,1.64,19100
CGNX,23-Jul-2015,46.29,46.49,45.53,45.56,304000
CGO,23-Jul-2015,13.82,13.88,13.6,13.6,32800
CHCI,23-Jul-2015,0.48,0.49,0.48,0.49,38800
CHCO,23-Jul-2015,51.61,51.85,49.94,50.05,66200
CHDN,23-Jul-2015,128.7,130.1,125.57,126.36,36800
CHEF,23-Jul-2015,19.88,20.02,18.79,18.95,67600
CHEK,23-Jul-2015,4.08,4.08,3.96,3.96,2500
CHEKW,23-Jul-2015,1.43,1.43,1.43,1.43,300
CHFC,23-Jul-2015,34.48,34.48,33.48,33.57,116700
CHFN,23-Jul-2015,12.17,12.25,12.09,12.09,27300
CHI,23-Jul-2015,11.49,11.66,11.46,11.52,311000
CHKE,23-Jul-2015,27.92,28.21,27.68,28,46200
CHKP,23-Jul-2015,84.49,85.54,84.04,84.1,2337000
CHMA,23-Jul-2015,24.68,24.86,22.94,23.21,644600
CHMG,23-Jul-2015,26.5,26.5,26.5,26.5,0
CHNR,23-Jul-2015,2.06,2.09,2.06,2.09,300
CHRS,23-Jul-2015,37.6,37.99,35.1,35.99,185300
CHRW,23-Jul-2015,65,65.11,64.3,64.42,1105200
CHSCL,23-Jul-2015,27.3,27.33,27.14,27.26,17600
CHSCM,23-Jul-2015,26.17,26.17,25.93,26.04,22600
CHSCN,23-Jul-2015,26.97,26.97,26.55,26.74,10500
CHSCO,23-Jul-2015,28.42,28.43,27.86,28.08,81500
CHSCP,23-Jul-2015,30.41,31.14,30.32,30.75,2500
CHTR,23-Jul-2015,186.72,186.84,182.8,183.76,1668700
CHUY,23-Jul-2015,27.31,27.33,27.04,27.24,137800
CHW,23-Jul-2015,8.58,8.58,8.47,8.53,202900
CHY,23-Jul-2015,12.4,12.68,12.23,12.31,779200
CIBR,23-Jul-2015,20.38,20.76,20.23,20.49,251700
CIDM,23-Jul-2015,6.9,7.2,6.4,6.4,132400
CIFC,23-Jul-2015,7.76,7.76,7.71,7.71,1100
CIGI,23-Jul-2015,41.77,41.94,40.55,40.73,18900
CINF,23-Jul-2015,53.67,53.78,53.22,53.32,422400
CISG,23-Jul-2015,8.19,8.95,8.01,8.84,459600
CIVB,23-Jul-2015,10.2,10.2,10.2,10.2,700
CIVBP,23-Jul-2015,34.6,34.6,34.6,34.6,0
CIZ,23-Jul-2015,35.87,36.07,35.76,35.77,11900
CIZN,23-Jul-2015,20.17,20.17,20.17,20.17,100
CJJD,23-Jul-2015,2.7,2.7,2.56,2.59,79300
CKEC,23-Jul-2015,27.74,27.78,26.49,26.69,205500
CLBH,23-Jul-2015,12.4,12.94,12.4,12.76,2400
CLBS,23-Jul-2015,18.9,18.9,18.2,18.3,294900
CLCD,23-Jul-2015,8.63,8.82,8.63,8.63,9800
CLCT,23-Jul-2015,19.98,20.64,19.96,20.31,66700
CLDX,23-Jul-2015,25.66,25.85,25.05,25.33,672300
CLFD,23-Jul-2015,17.2,18.36,16.84,18,261400
CLIR,23-Jul-2015,4.41,4.41,4.06,4.06,91800
CLLS,23-Jul-2015,37.06,37.06,36.26,36.48,96700
CLMS,23-Jul-2015,12.12,12.12,11.92,11.95,39900
CLMT,23-Jul-2015,27.18,27.24,26.18,26.64,311500
CLNE,23-Jul-2015,5.72,5.93,5.57,5.78,1269500
CLNT,23-Jul-2015,2.91,2.91,2.71,2.71,5300
CLRB,23-Jul-2015,34,34.9,33.1,33.1,15100
CLRBW,23-Jul-2015,9.5,9.5,9.5,9.5,100
CLRO,23-Jul-2015,12.76,12.97,12.71,12.9,7600
CLSN,23-Jul-2015,2.45,2.54,2.42,2.5,253500
CLUB,23-Jul-2015,2.49,2.5,2.25,2.38,124800
CLVS,23-Jul-2015,86.45,86.65,84.11,85.96,410300
CLWT,23-Jul-2015,2.63,2.63,2.54,2.55,1900
CMCO,23-Jul-2015,23.61,23.61,22.81,22.83,92700
CMCSA,23-Jul-2015,64.9,64.9,62.24,62.47,20983900
CMCT,23-Jul-2015,15.43,15.43,15.43,15.43,200
CME,23-Jul-2015,98.48,98.61,96.1,96.62,1764900
CMFN,23-Jul-2015,12.86,13.23,12.18,12.24,33200
CMLS,23-Jul-2015,12.96,13.52,12.72,12.88,1024700
CMPR,23-Jul-2015,80.51,82.06,80.17,80.97,387000
CMRX,23-Jul-2015,53.33,53.92,52.11,52.35,240400
CMTL,23-Jul-2015,29.12,29.12,28.31,28.44,64800
CNAT,23-Jul-2015,5.17,5.31,5.12,5.16,113000
CNBKA,23-Jul-2015,41.71,41.9,41.6,41.6,6100
CNCE,23-Jul-2015,17.16,17.32,16.69,16.91,108600
CNET,23-Jul-2015,1.06,1.1,1.03,1.05,30500
CNIT,23-Jul-2015,2.61,2.64,2.58,2.58,152200
CNMD,23-Jul-2015,57.82,58.25,56.96,57.72,231400
CNOB,23-Jul-2015,22.2,22.45,21.63,21.63,45700
CNSL,23-Jul-2015,20.27,20.58,20.07,20.21,142100
CNTF,23-Jul-2015,5.1,5.15,4.75,4.8,169500
CNTY,23-Jul-2015,6.55,6.64,6.42,6.45,14400
CNV,23-Jul-2015,5.4,5.43,5.28,5.35,27600
CNXR,23-Jul-2015,11.12,11.29,11.01,11.12,15600
COB,23-Jul-2015,10.57,10.63,10.56,10.57,6300
COBZ,23-Jul-2015,12.92,12.97,12.67,12.79,122100
COHR,23-Jul-2015,61.23,61.31,59.02,59.78,158200
COHU,23-Jul-2015,12.12,12.38,12.09,12.32,146000
COKE,23-Jul-2015,152.21,153.7,146.57,147.94,59600
COLB,23-Jul-2015,33.44,33.44,32.39,32.74,255500
COLL,23-Jul-2015,19.09,19.5,19.02,19.17,34500
COLM,23-Jul-2015,61.91,62.25,60.33,60.43,84000
COMM,23-Jul-2015,31.2,31.46,30.68,30.79,797800
COMT,23-Jul-2015,35.9,35.9,35.38,35.39,16200
CONE,23-Jul-2015,31.04,31.16,30.52,30.66,473500
CONN,23-Jul-2015,38.34,38.45,35.89,36.94,1367800
COOL,23-Jul-2015,8.34,8.94,8.28,8.58,40700
CORE,23-Jul-2015,30.23,30.23,29.62,29.755,159100
CORI,23-Jul-2015,13.85,14.04,13.82,13.95,41900
CORT,23-Jul-2015,5.2,5.2,4.88,4.94,202500
COST,23-Jul-2015,146.85,147,145.38,145.6,1356800
COVS,23-Jul-2015,2.94,2.99,2.83,2.84,163800
COWN,23-Jul-2015,5.97,6,5.83,5.87,957800
COWNL,23-Jul-2015,26.96,26.96,26.87,26.87,600
CPAH,23-Jul-2015,5,5,4.7,5,2800
CPHC,23-Jul-2015,10.74,10.74,10.74,10.74,0
CPHD,23-Jul-2015,63.04,63.23,62.17,62.93,805300
CPHR,23-Jul-2015,9.55,10.2,9.5,9.63,4800
CPIX,23-Jul-2015,6.15,6.3,6.15,6.23,6200
CPLA,23-Jul-2015,55.09,55.45,53.4,54.1,126700
CPLP,23-Jul-2015,8.28,8.3,7.93,8.1,491100
CPRT,23-Jul-2015,36,36.28,35.86,35.9,263500
CPRX,23-Jul-2015,5.78,5.8,5.36,5.37,1071200
CPSH,23-Jul-2015,2.26,2.26,2.26,2.26,0
CPSI,23-Jul-2015,56.59,56.59,54.06,54.62,101200
CPSS,23-Jul-2015,6.4,6.4,6.15,6.16,148900
CPST,23-Jul-2015,7.2,7.6,6.8,6.8,1271500
CPTA,23-Jul-2015,15.71,16,15.5,15.66,64200
CRAI,23-Jul-2015,23.75,24,23.55,23.75,152500
CRAY,23-Jul-2015,26.2,26.97,26.12,26.39,217600
CRBP,23-Jul-2015,2.79,2.83,2.78,2.82,9500
CRDS,23-Jul-2015,24.4,24.8,24.4,24.6,21300
CRDT,23-Jul-2015,73.04,73.04,73.04,73.04,0
CREE,23-Jul-2015,24.67,25.15,24.36,24.47,1526900
CREG,23-Jul-2015,8.1,8.4,8,8.1,15000
CRESY,23-Jul-2015,12.06,12.07,11.66,11.9,73800
CRIS,23-Jul-2015,3.45,3.64,3.45,3.57,780800
CRME,23-Jul-2015,8.88,8.93,8.55,8.67,12300
CRMT,23-Jul-2015,45.19,45.85,44.32,44.49,20200
CRNT,23-Jul-2015,1.22,1.27,1.22,1.27,130700
CROX,23-Jul-2015,14.47,14.54,14.18,14.24,1488800
CRTN,23-Jul-2015,3.26,3.26,3,3.19,4600
CRTO,23-Jul-2015,57,57.3,54.81,54.95,461700
CRUS,23-Jul-2015,34.33,37.6,33.96,35.72,9478000
CRVL,23-Jul-2015,31.57,31.86,31.42,31.53,37700
CRWS,23-Jul-2015,8.15,8.15,8.05,8.06,12700
CRZO,23-Jul-2015,38.64,39.78,38.02,39.41,1486100
CSA,23-Jul-2015,35.53,35.53,35.53,35.53,0
CSAL,23-Jul-2015,22.36,22.56,21.82,21.91,829000
CSB,23-Jul-2015,35.5,35.5,35.5,35.5,0
CSBK,23-Jul-2015,14.08,14.11,13.74,13.76,125800
CSCO,23-Jul-2015,27.7,28.25,27.58,28.01,34103200
CSF,23-Jul-2015,39.19,39.19,38.68,38.68,6200
CSFL,23-Jul-2015,14.03,14.03,13.43,13.66,243100
CSGP,23-Jul-2015,213.78,217.06,212.74,214,69800
CSGS,23-Jul-2015,31.48,31.51,30.88,30.92,82700
CSII,23-Jul-2015,32.55,32.91,32.06,32.31,320900
CSIQ,23-Jul-2015,25.79,26.5,25.48,25.67,1668700
CSOD,23-Jul-2015,36.08,37.07,36.02,36.22,421200
CSPI,23-Jul-2015,6.99,7,6.75,6.9,7000
CSQ,23-Jul-2015,11.01,11.02,10.89,10.93,322600
CSTE,23-Jul-2015,67.79,68.65,67.01,68.12,134200
CSWC,23-Jul-2015,49.89,49.95,48.94,48.99,18900
CSX,23-Jul-2015,31.53,31.58,30.66,30.85,7469500
CTAS,23-Jul-2015,86.86,86.99,85.57,85.74,483700
CTBI,23-Jul-2015,36.66,36.66,35.61,35.66,23600
CTG,23-Jul-2015,6.98,7.03,6.85,6.88,73700
CTHR,23-Jul-2015,1.46,1.54,1.42,1.51,15700
CTIB,23-Jul-2015,3.4,3.4,3.3,3.37,5100
CTIC,23-Jul-2015,1.91,1.98,1.91,1.92,1458200
CTRE,23-Jul-2015,13.49,13.49,12.9,12.95,56500
CTRL,23-Jul-2015,7.39,7.61,7.36,7.55,376300
CTRN,23-Jul-2015,24.34,25,23.96,24,114100
CTRP,23-Jul-2015,37.29,38.785,37.195,37.575,1771400
CTRV,23-Jul-2015,5.1,5.2,5.01,5.06,35700
CTSH,23-Jul-2015,62.24,62.69,61.95,62.26,1752500
CTSO,23-Jul-2015,6.55,6.66,6.16,6.51,96400
CTWS,23-Jul-2015,34.86,35,33.77,33.81,18600
CTXS,23-Jul-2015,69.5,70.36,69.3,69.66,677800
CUBA,23-Jul-2015,10.4,10.4,9.91,10.19,65900
CUBN,23-Jul-2015,13.65,13.65,13.65,13.65,0
CUI,23-Jul-2015,5.13,5.46,5.02,5.03,109900
CUNB,23-Jul-2015,22.83,22.83,22.05,22.05,14100
CUR,23-Jul-2015,1.75,1.94,1.7,1.93,1180600
CUTR,23-Jul-2015,15.53,15.65,15.37,15.6,113100
CVBF,23-Jul-2015,18.24,18.37,17.65,17.79,780100
CVCO,23-Jul-2015,72.18,73.11,69.82,70.02,48800
CVCY,23-Jul-2015,11,11,11,11,0
CVGI,23-Jul-2015,6.3,6.36,6.16,6.22,105400
CVGW,23-Jul-2015,55.88,56.22,51.33,52.21,319900
CVLT,23-Jul-2015,40.39,40.98,40.14,40.51,423200
CVLY,23-Jul-2015,20.35,20.5,20,20.12,12300
CVTI,23-Jul-2015,25.61,26.41,23.13,23.2,372100
CVV,23-Jul-2015,10.4,10.69,10.4,10.54,15400
CWAY,23-Jul-2015,11.43,11.6,11.43,11.6,1800
CWBC,23-Jul-2015,6.68,6.69,6.68,6.69,3500
CWCO,23-Jul-2015,13.01,13.08,12.61,12.69,183000
CWST,23-Jul-2015,5.74,5.8,5.7,5.78,91700
CXDC,23-Jul-2015,6.12,6.12,5.84,5.95,17500
CXRX,23-Jul-2015,79.39,79.74,78.69,78.92,8900
CXSE,23-Jul-2015,52.38,52.43,52.38,52.39,300
CY,23-Jul-2015,11.53,12.46,11.5,12.15,20907800
CYAD,23-Jul-2015,59.21,59.21,57.95,58.15,56400
CYAN,23-Jul-2015,7.83,7.97,7.83,7.96,2400
CYBE,23-Jul-2015,7.45,7.5,6.98,7,74400
CYBR,23-Jul-2015,59.75,63,59.5,61.72,3995000
CYCC,23-Jul-2015,8.04,8.04,7.68,7.68,66300
CYCCP,23-Jul-2015,6.2,6.2,6.2,6.2,0
CYHHZ,23-Jul-2015,0.02,0.02,0.01,0.01,4600
CYNO,23-Jul-2015,42.27,42.97,41.35,41.57,269400
CYOU,23-Jul-2015,23.69,24.33,23.69,23.79,108100
CYRN,23-Jul-2015,2.03,2.15,2.01,2.03,51400
CYTK,23-Jul-2015,6.96,7.3,6.91,7.17,666600
CYTR,23-Jul-2015,2.86,2.97,2.77,2.8,1623000
CYTX,23-Jul-2015,6.9,6.9,6.6,6.6,1041100
CZFC,23-Jul-2015,12.61,12.61,12.61,12.61,100
CZNC,23-Jul-2015,20.33,20.58,20.06,20.07,14500
CZR,23-Jul-2015,4.85,5.24,4.7,5.14,5421100
CZWI,23-Jul-2015,9.16,9.16,9.16,9.16,0
DAIO,23-Jul-2015,3.4,3.4,3.4,3.4,300
DAKT,23-Jul-2015,11.05,11.13,10.98,11.07,91800
DAVE,23-Jul-2015,18.3,18.3,17.79,17.95,82400
DAX,23-Jul-2015,27.2,27.27,27.16,27.19,1500
DBVT,23-Jul-2015,42.3,43.07,42.27,42.87,150200
DCIX,23-Jul-2015,16,16.16,15.52,16,69500
DCOM,23-Jul-2015,17.48,17.48,17.01,17.15,101100
DCTH,23-Jul-2015,0.5,0.53,0.48,0.49,322800
DELT,23-Jul-2015,3.26,3.4,3.26,3.33,10200
DELTW,23-Jul-2015,0.35,0.35,0.35,0.35,0
DENN,23-Jul-2015,11.81,11.81,11.5,11.51,311400
DEPO,23-Jul-2015,32.72,33.08,32.56,32.85,1209600
DERM,23-Jul-2015,25.02,25.24,23.95,24.19,204300
DEST,23-Jul-2015,11.15,11.15,10.46,10.49,68300
DFRG,23-Jul-2015,14.5,15.51,14,14.25,3648800
DFVL,23-Jul-2015,64.2,64.2,64.2,64.2,0
DFVS,23-Jul-2015,32.4,32.4,32.4,32.4,0
DGAS,23-Jul-2015,20.2,20.37,20.14,20.19,11500
DGICA,23-Jul-2015,15.13,15.19,14.92,15.02,39400
DGII,23-Jul-2015,9.58,9.68,9.39,9.53,45400
DGLD,23-Jul-2015,91,92.76,90.16,92.74,54900
DGLY,23-Jul-2015,11.71,13,11.1,11.27,681500
DGRE,23-Jul-2015,22.85,22.85,22.66,22.68,6700
DGRS,23-Jul-2015,29.02,29.12,28.64,28.7,13000
DGRW,23-Jul-2015,31.53,31.53,31.13,31.16,53000
DHIL,23-Jul-2015,201.41,203.43,197.48,197.53,4100
DHRM,23-Jul-2015,2.14,2.17,2.06,2.06,1500
DHXM,23-Jul-2015,7,7,7,7,0
DIOD,23-Jul-2015,22.3,22.94,22.21,22.65,211700
DISCA,23-Jul-2015,32.39,32.58,31.9,32.15,2489600
DISCK,23-Jul-2015,29.89,30.15,29.56,29.66,1012000
DISH,23-Jul-2015,65.22,66.5,65.18,66.23,1988500
DJCO,23-Jul-2015,207.5,224.17,207.5,214.2,21100
DLBL,23-Jul-2015,71.54,71.54,71.54,71.54,0
DLBS,23-Jul-2015,23.28,23.28,22.55,22.55,7300
DLHC,23-Jul-2015,2.38,3.25,2.27,2.99,131400
DLTR,23-Jul-2015,79.16,79.26,78,78.24,2462000
DMLP,23-Jul-2015,17.98,18.99,17.26,17.26,65400
DMRC,23-Jul-2015,38.91,42.97,38.51,42.84,187300
DNAI,23-Jul-2015,30.26,30.49,29.34,29.64,407900
DNBF,23-Jul-2015,25.6,26.7,25.6,26.3,32400
DNKN,23-Jul-2015,55,55.23,53.46,53.75,4597000
DORM,23-Jul-2015,49.15,49.26,48.39,48.8,192000
DOX,23-Jul-2015,56.27,56.64,55.7,55.91,323400
DPRX,23-Jul-2015,16.53,17.09,16.21,16.79,34900
DRAD,23-Jul-2015,4.26,4.31,4.19,4.19,33900
DRAM,23-Jul-2015,6.09,6.09,5.76,5.76,5100
DRNA,23-Jul-2015,14.22,14.26,13.6,13.69,86300
DRRX,23-Jul-2015,2.6,2.62,2.53,2.56,520800
DRWI,23-Jul-2015,8.5,9,8.5,9,184400
DRYS,23-Jul-2015,915,945,840,870,3563100
DSCI,23-Jul-2015,7.03,7.07,6.75,6.8,39600
DSGX,23-Jul-2015,16.6,17.03,16.4,16.5,26100
DSLV,23-Jul-2015,69.81,72.77,69.81,71.51,28500
DSPG,23-Jul-2015,9.06,9.07,8.95,9,70600
DSWL,23-Jul-2015,1.79,1.84,1.79,1.82,94300
DTEA,23-Jul-2015,19.85,19.95,19.63,19.86,172500
DTLK,23-Jul-2015,7.14,7.25,7.02,7.04,85200
DTSI,23-Jul-2015,29.83,29.83,28.92,29.12,134000
DTUL,23-Jul-2015,64.08,64.08,64.08,64.08,0
DTUS,23-Jul-2015,32.24,32.24,31.97,31.98,1900
DTYS,23-Jul-2015,21.63,21.63,21.05,21.05,19700
DVAX,23-Jul-2015,29.25,29.64,28.26,28.76,841600
DVCR,23-Jul-2015,12.6,12.67,12.45,12.45,1700
DWAT,23-Jul-2015,10.58,10.59,10.51,10.55,1100
DWCH,23-Jul-2015,6.4,6.4,5.66,6,334300
DWSN,23-Jul-2015,4.09,4.23,4.09,4.19,24900
DXCM,23-Jul-2015,85.37,86.2,84.58,85.13,414600
DXGE,23-Jul-2015,29.62,29.72,29.48,29.5,101200
DXJS,23-Jul-2015,36.4,36.56,36.23,36.37,53100
DXKW,23-Jul-2015,20.11,20.11,20.11,20.11,200
DXLG,23-Jul-2015,5.18,5.19,5.09,5.16,62500
DXPE,23-Jul-2015,38.35,40.25,37.55,37.82,116100
DXPS,23-Jul-2015,24.95,24.95,24.85,24.85,1300
DXYN,23-Jul-2015,10.68,10.72,9.95,10.1,94800
DYNT,23-Jul-2015,3.38,3.38,3.38,3.38,0
DYSL,23-Jul-2015,1.6,1.6,1.47,1.55,14500
EA,23-Jul-2015,73.32,73.58,71.76,71.81,3533700
EAC,23-Jul-2015,3.71,3.76,3.55,3.55,29900
EARS,23-Jul-2015,4.99,5.15,4.99,5.01,24600
EBAY,23-Jul-2015,28.25,28.6,28.12,28.43,40433400
EBIO,23-Jul-2015,2.97,2.99,2.9,2.91,29900
EBIX,23-Jul-2015,30.27,30.51,29.66,29.76,240300
EBMT,23-Jul-2015,10.88,10.91,10.85,10.85,6400
EBSB,23-Jul-2015,13.28,13.4,13.09,13.16,152900
EBTC,23-Jul-2015,22.53,22.53,22.53,22.53,1300
ECHO,23-Jul-2015,33.02,33.25,32.19,32.23,175300
ECOL,23-Jul-2015,45.09,45.29,44.35,44.63,98200
ECPG,23-Jul-2015,43.42,44.24,43.4,44.01,179200
ECYT,23-Jul-2015,5.28,5.42,5.24,5.3,165800
EDAP,23-Jul-2015,3.65,3.83,3.62,3.79,152100
EDGW,23-Jul-2015,7.26,7.39,7.26,7.27,10300
EDUC,23-Jul-2015,4.79,4.95,4.7,4.95,8200
EEFT,23-Jul-2015,67.05,68.04,65.53,65.66,344500
EEI,23-Jul-2015,10.23,10.25,10.21,10.23,11700
EEMA,23-Jul-2015,57.26,57.53,57,57.13,50100
EFII,23-Jul-2015,46.34,46.74,45.71,45.98,365800
EFOI,23-Jul-2015,9.9,10.5,9.67,10.36,60300
EFSC,23-Jul-2015,22.72,24,22.72,23.32,31000
EFUT,23-Jul-2015,5.21,5.25,5.06,5.14,12800
EGAN,23-Jul-2015,4.65,4.7,4.61,4.66,267400
EGBN,23-Jul-2015,47,47,44.82,45.41,141800
EGHT,23-Jul-2015,8.69,9.04,8.45,8.92,1452400
EGLE,23-Jul-2015,168.4,169,159.8,163.8,49000
EGLT,23-Jul-2015,12.57,12.57,12.09,12.16,25600
EGOV,23-Jul-2015,17.86,17.96,17.51,17.53,156000
EGRX,23-Jul-2015,93.62,96.25,91.93,94.17,303300
EGT,23-Jul-2015,2.1,2.1,2.08,2.09,400
EHTH,23-Jul-2015,14.43,15,13.74,13.77,71600
EIGI,23-Jul-2015,21.66,21.89,20.83,20.91,777300
ELECU,23-Jul-2015,10.09,10.09,10.09,10.09,100
ELGX,23-Jul-2015,14.95,15.06,14.8,14.82,769800
ELNK,23-Jul-2015,8.03,8.11,7.89,7.9,673400
ELON,23-Jul-2015,6,6.2,5.6,6.1,83500
ELOS,23-Jul-2015,10.58,10.78,10.22,10.48,46900
ELSE,23-Jul-2015,3.8,3.8,3.8,3.8,200
ELTK,23-Jul-2015,0.89,0.89,0.85,0.88,800
EMCB,23-Jul-2015,71.47,72.25,71.47,72.16,1000
EMCF,23-Jul-2015,23.51,23.56,23.51,23.56,300
EMCG,23-Jul-2015,23.56,23.56,23.56,23.56,0
EMCI,23-Jul-2015,26.05,26.09,25.69,25.87,17800
EMIF,23-Jul-2015,32.33,32.4,32.14,32.3,3800
EMITF,23-Jul-2015,3.99,4.11,3.96,3.96,18600
EMKR,23-Jul-2015,5.8,5.95,5.78,5.87,218300
EML,23-Jul-2015,18.11,18.26,18.11,18.18,2600
EMMS,23-Jul-2015,4.52,4.72,4.44,4.6,7300
ENDP,23-Jul-2015,86.44,86.82,85.79,85.9,2115100
ENFC,23-Jul-2015,17.63,17.65,17.6,17.64,2100
ENG,23-Jul-2015,1.24,1.31,1.23,1.29,6100
ENOC,23-Jul-2015,7.79,7.84,7.44,7.55,641100
ENPH,23-Jul-2015,5.79,5.92,5.55,5.72,1211500
ENSG,23-Jul-2015,26.405,26.58,26.08,26.11,127300
ENT,23-Jul-2015,12.47,12.63,12.26,12.29,145400
ENTA,23-Jul-2015,50,50.29,49.04,49.64,206300
ENTG,23-Jul-2015,13.57,13.71,13.27,13.37,1129300
ENTL,23-Jul-2015,21.98,22.06,21.26,21.6,23300
ENZY,23-Jul-2015,8.3,8.43,8.08,8.16,13400
EPAY,23-Jul-2015,28.25,28.4,27.55,27.58,110900
EPIX,23-Jul-2015,7.78,7.78,7.78,7.78,0
EPZM,23-Jul-2015,22.3,23.06,22.01,22.15,309400
EQFN,23-Jul-2015,8.38,8.38,8.35,8.35,2500
EQIX,23-Jul-2015,269.32,273.05,267.72,269.39,539000
ERI,23-Jul-2015,9.11,9.24,8.69,8.71,108300
ERIC,23-Jul-2015,10.74,10.86,10.74,10.8,2409900
ERIE,23-Jul-2015,83.5,83.93,82.9,83.08,30200
ERII,23-Jul-2015,2.67,2.67,2.46,2.49,291300
ERS,23-Jul-2015,4.04,4.05,3.94,3.94,4000
ESBK,23-Jul-2015,20.01,20.01,20.01,20.01,900
ESCA,23-Jul-2015,17.94,17.94,17.45,17.59,21100
ESEA,23-Jul-2015,5.42,7.51,5.42,7.2,9400
ESES,23-Jul-2015,4.93,5.09,4.75,5.09,51100
ESGR,23-Jul-2015,163.94,166.4,161.01,161.12,46800
ESIO,23-Jul-2015,4.56,4.6,4.45,4.56,162200
ESLT,23-Jul-2015,82.99,82.99,82.25,82.32,8400
ESMC,23-Jul-2015,1.35,1.35,1.35,1.35,0
ESND,23-Jul-2015,37.75,38.74,35.27,35.39,410900
ESPR,23-Jul-2015,96.3,97.65,94.24,95.74,608400
ESRX,23-Jul-2015,94.2,94.2,92.81,93.06,2871200
ESSA,23-Jul-2015,12.99,13.01,12.93,12.93,7400
ESXB,23-Jul-2015,5.07,5.1,5.01,5.02,8100
ETFC,23-Jul-2015,30.19,30.39,29.25,29.42,6284600
ETRM,23-Jul-2015,4.65,4.95,4.5,4.65,1202800
ETSY,23-Jul-2015,18.37,19.14,17.77,18.44,1156200
EUFN,23-Jul-2015,23.86,23.87,23.62,23.67,86700
EVAR,23-Jul-2015,3.92,4,3.57,3.64,14100
EVBS,23-Jul-2015,6.16,6.23,6.16,6.2,1100
EVEP,23-Jul-2015,8.65,9.18,8.65,8.95,451700
EVK,23-Jul-2015,4.34,4.34,3.86,4.26,8100
EVLV,23-Jul-2015,2.56,2.58,2.41,2.43,121500
EVOK,23-Jul-2015,5.75,5.75,5.2,5.3,13800
EVOL,23-Jul-2015,9.15,9.18,8.89,9.05,42900
EWBC,23-Jul-2015,45.21,45.67,44.82,45.09,831500
EXA,23-Jul-2015,11.37,11.7,11.24,11.34,317000
EXAC,23-Jul-2015,20.21,20.26,19.98,20.19,28400
EXAS,23-Jul-2015,25.64,25.67,25,25.05,1430000
EXEL,23-Jul-2015,6.32,6.35,5.76,5.88,13788400
EXFO,23-Jul-2015,2.86,2.89,2.81,2.82,3200
EXLS,23-Jul-2015,37.07,37.09,36.23,36.3,74100
EXPD,23-Jul-2015,45.34,45.45,44.4,44.52,854100
EXPE,23-Jul-2015,111.24,111.25,109.08,109.52,781600
EXPO,23-Jul-2015,45.17,45.18,44.01,44.35,229300
EXTR,23-Jul-2015,2.23,2.26,2.2,2.25,970600
EYES,23-Jul-2015,14.55,14.95,14.3,14.41,608700
EZPW,23-Jul-2015,6.23,6.27,6.05,6.08,454600
FALC,23-Jul-2015,1.4,1.45,1.4,1.41,13200
FANG,23-Jul-2015,65.61,66.71,64.04,66.29,1813800
FARM,23-Jul-2015,22.7,23.07,22.31,22.78,45300
FARO,23-Jul-2015,39.33,39.51,38.43,38.58,196400
FAST,23-Jul-2015,40.58,40.74,40.13,40.4,3037800
FATE,23-Jul-2015,7.59,7.95,7.05,7.45,132200
FB,23-Jul-2015,96.96,97.45,94.81,95.44,29418800
FBIO,23-Jul-2015,3.43,3.72,3.43,3.6,249200
FBIZ,23-Jul-2015,47,47.69,47,47.3,10400
FBMS,23-Jul-2015,16.81,17.09,16.6,17.03,1200
FBNC,23-Jul-2015,17.04,17.1,16.27,16.83,25400
FBNK,23-Jul-2015,15.3,15.85,15.3,15.46,18200
FBRC,23-Jul-2015,23.48,23.79,22.7,23.54,99300
FBSS,23-Jul-2015,16,16,16,16,0
FBZ,23-Jul-2015,12.36,12.36,12.08,12.08,500
FCA,23-Jul-2015,23.94,24.87,23.85,23.85,47200
FCAN,23-Jul-2015,26.68,26.71,26.63,26.7,3200
FCAP,23-Jul-2015,27.8,27.8,26,26,400
FCBC,23-Jul-2015,18.68,18.68,18,18.14,17400
FCCO,23-Jul-2015,12.25,12.31,12.15,12.15,13400
FCCY,23-Jul-2015,11.89,12.57,11.85,11.94,6900
FCEL,23-Jul-2015,10.8,10.8,10.44,10.44,1742200
FCFP,23-Jul-2015,6.81,6.81,6.81,6.81,500
FCNCA,23-Jul-2015,266.2,268.72,263.21,263.69,11900
FCSC,23-Jul-2015,6.5,6.85,6.29,6.72,609400
FDEF,23-Jul-2015,36.4,36.92,35.76,35.93,77500
FDIV,23-Jul-2015,48.46,48.67,48.46,48.67,1900
FDML,23-Jul-2015,10.12,10.21,10.05,10.11,117000
FDUS,23-Jul-2015,14.99,15.26,14.64,14.69,35000
FEIM,23-Jul-2015,11.26,11.3,10.75,11.13,26400
FELE,23-Jul-2015,27.88,28.03,27.6,27.94,363200
FEMB,23-Jul-2015,43.24,43.24,43.24,43.24,0
FENX,23-Jul-2015,10.19,10.22,10,10.03,53000
FES,23-Jul-2015,1.12,1.2,1.1,1.1,8000
FEUZ,23-Jul-2015,33.58,33.58,33.29,33.53,4200
FEYE,23-Jul-2015,47.77,50.08,47.73,48.73,8430300
FFBC,23-Jul-2015,18.46,18.51,18.04,18.07,129900
FFBCW,23-Jul-2015,6.28,6.28,6.28,6.28,0
FFHL,23-Jul-2015,1.2,1.2,1.18,1.18,20100
FFIC,23-Jul-2015,21.6,21.6,21.09,21.1,76600
FFIN,23-Jul-2015,35.98,36.2,34.9,35.13,145700
FFIV,23-Jul-2015,128.05,130.25,126.1,127.68,3245400
FFKT,23-Jul-2015,28.62,28.64,27.49,27.51,24500
FFNW,23-Jul-2015,12.45,12.52,12.42,12.44,43700
FFWM,23-Jul-2015,20.25,21,20.25,20.26,4500
FGEN,23-Jul-2015,24.99,25.1,24.37,24.71,331400
FGM,23-Jul-2015,38.72,38.72,38.5,38.53,38000
FHCO,23-Jul-2015,1.43,1.51,1.42,1.47,166400
FHK,23-Jul-2015,38.91,38.92,38.62,38.62,22400
FIBK,23-Jul-2015,28.6,28.99,28.03,28.12,104000
FINL,23-Jul-2015,28,28,27.44,27.44,517600
FISI,23-Jul-2015,25.04,25.05,23.94,24.27,36900
FISV,23-Jul-2015,87.84,87.95,86.36,86.67,1212800
FITB,23-Jul-2015,21.54,21.7,21.24,21.3,6625200
FITBI,23-Jul-2015,28.33,28.33,28.24,28.33,20400
FIVE,23-Jul-2015,37.33,37.53,36.98,37.42,495500
FIVN,23-Jul-2015,5.53,5.54,5.34,5.46,104600
FIZZ,23-Jul-2015,24.42,24.55,23.68,23.77,39000
FJP,23-Jul-2015,50.41,50.51,50.1,50.2,108900
FKO,23-Jul-2015,24.29,24.29,24.29,24.29,0
FKU,23-Jul-2015,43.91,43.91,43.28,43.4,120800
FLAG,23-Jul-2015,32.07,32.07,32.07,32.07,100
FLAT,23-Jul-2015,57.77,57.77,57.77,57.77,0
FLDM,23-Jul-2015,22.43,22.48,21.32,22.37,256300
FLEX,23-Jul-2015,10.89,11.03,10.75,10.89,4651700
FLIC,23-Jul-2015,27.13,27.41,26.27,26.32,15400
FLIR,23-Jul-2015,29.87,30.2,29.85,29.87,796000
FLKS,23-Jul-2015,16.25,16.69,16.03,16.33,36700
FLL,23-Jul-2015,1.69,1.7,1.65,1.65,48800
FLML,23-Jul-2015,25.74,26.09,25.2,25.4,388500
FLWS,23-Jul-2015,10.78,10.84,10.32,10.39,261800
FLXN,23-Jul-2015,25.76,26.12,25.1,25.4,143700
FLXS,23-Jul-2015,42.79,42.79,40.89,41.15,38700
FMB,23-Jul-2015,51,51.27,51,51.27,800
FMBH,23-Jul-2015,22.4,22.4,21.5,21.88,2000
FMBI,23-Jul-2015,19.31,19.51,18.85,18.93,741900
FMI,23-Jul-2015,32.62,32.85,32.07,32.78,158700
FMNB,23-Jul-2015,8.3,8.38,8.25,8.25,20200
FNBC,23-Jul-2015,39.58,39.84,38.57,39.05,210800
FNGN,23-Jul-2015,44.74,44.82,43.91,44.56,302000
FNHC,23-Jul-2015,24.71,24.95,23.92,24.12,114900
FNJN,23-Jul-2015,1.4,1.65,1.4,1.46,307400
FNLC,23-Jul-2015,19.72,19.94,18.75,18.94,23300
FNSR,23-Jul-2015,17.62,17.7,17.43,17.43,777400
FNWB,23-Jul-2015,12.55,12.55,12.35,12.4,15900
FOGO,23-Jul-2015,20.53,20.65,20.05,20.47,101600
FOLD,23-Jul-2015,16.6,17.06,16.4,16.76,1247800
FOMX,23-Jul-2015,11.34,11.45,10.87,10.95,79700
FONE,23-Jul-2015,37.85,37.93,37.64,37.64,2200
FONR,23-Jul-2015,10.01,10.1,9.92,9.99,20000
FORD,23-Jul-2015,0.68,0.68,0.65,0.67,4300
FORM,23-Jul-2015,6.99,7.05,6.86,6.86,324400
FORR,23-Jul-2015,35.67,35.67,34.95,35,19300
FORTY,23-Jul-2015,30.1,30.1,30.1,30.1,0
FOSL,23-Jul-2015,69.94,70.03,67.38,67.99,1301200
FOX,23-Jul-2015,32.89,32.89,32.36,32.48,1647800
FOXA,23-Jul-2015,33.55,33.65,33.04,33.23,8253000
FOXF,23-Jul-2015,16.53,16.9,16.53,16.77,54700
FPRX,23-Jul-2015,24.97,25.13,24.1,24.47,179100
FPXI,23-Jul-2015,30.13,30.13,30.13,30.13,0
FRAN,23-Jul-2015,12.58,12.7,12.41,12.46,286100
FRBA,23-Jul-2015,6.05,6.05,6.05,6.05,1500
FRBK,23-Jul-2015,3.59,3.62,3.5,3.5,39900
FRED,23-Jul-2015,18.49,18.7,18.08,18.12,211500
FRGI,23-Jul-2015,53.48,53.93,51.2,51.33,295700
FRME,23-Jul-2015,26.77,26.77,25.87,26.1,262100
FRP,23-Jul-2015,17.96,18.12,17.35,17.42,35400
FRPH,23-Jul-2015,29.52,29.63,29.09,29.09,7100
FRPT,23-Jul-2015,18.42,18.48,18.12,18.14,80100
FRSH,23-Jul-2015,20.37,20.53,19.9,20.24,128800
FSAM,23-Jul-2015,9.83,9.83,9.43,9.51,12400
FSBK,23-Jul-2015,8,8.01,8,8,8100
FSBW,23-Jul-2015,21.88,21.88,21.88,21.88,0
FSC,23-Jul-2015,6.35,6.39,6.27,6.33,881800
FSCFL,23-Jul-2015,25.1,25.1,24.83,24.83,2200
FSFG,23-Jul-2015,29.5,29.5,29.5,29.5,200
FSFR,23-Jul-2015,9,9.12,8.98,9.08,173200
FSLR,23-Jul-2015,42.57,43.64,42.57,42.74,1767700
FSNN,23-Jul-2015,3.15,3.35,3.05,3.16,48700
FSTR,23-Jul-2015,32,32,30.47,30.77,68800
FSV,23-Jul-2015,28.55,28.89,28.17,28.33,19400
FSZ,23-Jul-2015,41.24,41.43,41.23,41.26,17500
FTCS,23-Jul-2015,38.66,38.7,38.46,38.47,89900
FTD,23-Jul-2015,30.49,30.57,29.61,29.96,97600
FTEK,23-Jul-2015,1.99,2.04,1.99,2.02,15100
FTGC,23-Jul-2015,23.5,23.54,23.3,23.33,41100
FTHI,23-Jul-2015,20.52,20.52,20.49,20.49,900
FTLB,23-Jul-2015,20.38,20.38,20.31,20.31,300
FTNT,23-Jul-2015,47.21,47.83,46,46.83,6981800
FTR,23-Jul-2015,4.78,4.82,4.75,4.77,10214800
FTRPR,23-Jul-2015,97.54,99,97.26,97.6,117300
FTSL,23-Jul-2015,49.23,49.23,49.1,49.2,53000
FTSM,23-Jul-2015,59.91,59.92,59.9,59.92,199800
FTW,23-Jul-2015,34.91,35.04,34.86,34.86,3500
FUEL,23-Jul-2015,7.44,7.57,7.32,7.37,326900
FULL,23-Jul-2015,3.44,3.47,3.43,3.44,55900
FULLL,23-Jul-2015,25.5,25.63,25.5,25.63,200
FULT,23-Jul-2015,13.07,13.13,12.82,12.86,1878600
FUNC,23-Jul-2015,8.5,8.52,8.46,8.46,10400
FUND,23-Jul-2015,6.77,6.82,6.73,6.74,246300
FV,23-Jul-2015,25.42,25.49,25.2,25.27,1707900
FWP,23-Jul-2015,38.17,39.01,37.65,38.28,27300
FWRD,23-Jul-2015,48.73,48.99,46.22,47.99,431400
GABC,23-Jul-2015,30.33,30.41,29.38,29.5,12200
GAIA,23-Jul-2015,7.15,7.18,7.1,7.11,23800
GAIN,23-Jul-2015,8.15,8.24,8.1,8.1,191800
GAINN,23-Jul-2015,25.36,25.38,25.35,25.38,2200
GAINO,23-Jul-2015,25.35,25.65,25.33,25.65,4300
GALE,23-Jul-2015,34,34.8,33,33.4,1775000
GALT,23-Jul-2015,2.78,2.95,2.75,2.83,93900
GALTW,23-Jul-2015,0.95,0.95,0.95,0.95,0
GARS,23-Jul-2015,15.32,15.39,15.26,15.34,45000
GASS,23-Jul-2015,5.82,5.82,5.51,5.67,48600
GBCI,23-Jul-2015,29.99,30.2,29.36,29.38,267700
GBDC,23-Jul-2015,16.11,16.24,16.07,16.07,145400
GBLI,23-Jul-2015,28.22,28.39,27.73,27.79,13500
GBNK,23-Jul-2015,17.1,17.14,16.58,16.65,26700
GCBC,23-Jul-2015,14.775,14.8,14.495,14.595,800
GCVRZ,23-Jul-2015,0.48,0.56,0.46,0.52,879800
GENC,23-Jul-2015,6.6467,6.6533,6.4333,6.4733,7400
GENE,23-Jul-2015,3.61,3.72,3.27,3.42,642300
GEOS,23-Jul-2015,17.32,17.94,17.27,17.46,381000
GERN,23-Jul-2015,4.33,4.44,4.26,4.27,2081100
GEVO,23-Jul-2015,2.05,2.17,2.03,2.11,808800
GFED,23-Jul-2015,14.8,14.8,14.8,14.8,0
GFN,23-Jul-2015,4.99,5.13,4.85,4.86,24600
GFNCP,23-Jul-2015,101.49,101.49,101.49,101.49,0
GFNSL,23-Jul-2015,25.86,26,25,25.98,28000
GGAL,23-Jul-2015,19.65,19.71,19.25,19.57,220500
GHDX,23-Jul-2015,26.74,27.19,26.18,26.23,172800
GIFI,23-Jul-2015,9.76,9.85,9.1,9.15,201300
GIGA,23-Jul-2015,1.73,1.77,1.7,1.75,36700
GIGM,23-Jul-2015,3.4,3.5,3.3,3.4,168900
GIII,23-Jul-2015,71.63,71.99,69.73,69.83,258300
GILD,23-Jul-2015,117.86,118.6,117.42,117.66,6110200
GILT,23-Jul-2015,5.66,5.68,5.61,5.61,1800
GK,23-Jul-2015,68.92,69.06,67.29,67.63,55000
GLAD,23-Jul-2015,7.96,8.06,7.91,8.01,73500
GLADO,23-Jul-2015,25.84,25.84,25.84,25.84,100
GLBS,23-Jul-2015,5.8,5.92,5.8,5.8,13400
GLBZ,23-Jul-2015,12.32,12.32,12.32,12.32,0
GLDD,23-Jul-2015,5.69,5.71,5.4,5.4,466300
GLDI,23-Jul-2015,10.75,10.77,10.67,10.68,11800
GLMD,23-Jul-2015,10.49,10.49,10.13,10.26,24400
GLNG,23-Jul-2015,45.82,46.55,42.5,43.95,1955500
GLPG,23-Jul-2015,56,56.33,55.62,55.78,17100
GLPI,23-Jul-2015,34.79,35.02,33.94,34.23,1316300
GLRE,23-Jul-2015,28.1,28.18,27.61,27.72,137900
GLUU,23-Jul-2015,6.14,6.25,6.12,6.14,1484300
GLYC,23-Jul-2015,7.41,7.6,7.41,7.52,5300
GMAN,23-Jul-2015,5.56,5.64,5.53,5.55,38100
GMLP,23-Jul-2015,22.34,22.5,22,22.25,336100
GNBC,23-Jul-2015,14.41,14.64,14,14,43200
GNCA,23-Jul-2015,15.7,15.8,14.94,15.13,124700
GNCMA,23-Jul-2015,18.12,18.45,18.01,18.23,195800
GNMA,23-Jul-2015,50.15,50.19,49.83,50.05,4000
GNMK,23-Jul-2015,10.38,10.55,10.12,10.31,410700
GNTX,23-Jul-2015,16.58,16.58,16.13,16.25,2045300
GNVC,23-Jul-2015,2.5,2.64,2.47,2.53,35100
GOGL,23-Jul-2015,21.3,21.3,20.15,20.6,292900
GOGO,23-Jul-2015,19.16,19.72,19.06,19.33,831500
GOLD,23-Jul-2015,60.68,60.94,57.85,58.31,998900
GOOD,23-Jul-2015,16.57,16.61,16.04,16.09,143000
GOODO,23-Jul-2015,25.22,25.22,25.21,25.21,500
GOODP,23-Jul-2015,25.35,25.35,25,25,4200
GOOG,23-Jul-2015,661.27,663.63,641,644.28,3029100
GOOGL,23-Jul-2015,691.85,696.07,671.59,674.73,3811500
GPIC,23-Jul-2015,10.31,10.32,9.98,9.98,1800
GPOR,23-Jul-2015,36.66,36.99,35.16,35.28,2614400
GPP,23-Jul-2015,15.77,15.9,15.5,15.56,64300
GPRE,23-Jul-2015,23.18,24.42,23.15,23.76,1403100
GPRO,23-Jul-2015,61.5,65.25,61.48,63.95,18438800
GRBK,23-Jul-2015,11.54,11.89,11.54,11.72,177500
GRFS,23-Jul-2015,15.96,16.09,15.805,15.965,306800
GRID,23-Jul-2015,34.5,34.66,34.2,34.2,21100
GRIF,23-Jul-2015,31.95,31.95,31.95,31.95,2800
GRMN,23-Jul-2015,42.9,43.1,42.61,42.92,981600
GROW,23-Jul-2015,2.16,2.16,2.06,2.08,12200
GRPN,23-Jul-2015,4.85,5.15,4.81,5.15,10691000
GRVY,23-Jul-2015,3.14,3.14,3.14,3.14,100
GSBC,23-Jul-2015,42.57,42.95,41.72,42.08,41600
GSIT,23-Jul-2015,4.81,4.87,4.8,4.84,15000
GSM,23-Jul-2015,16.78,16.94,15.95,16.01,529300
GSOL,23-Jul-2015,7.05,7.12,7.03,7.1,69600
GSVC,23-Jul-2015,10.11,10.26,10.06,10.17,53400
GT,23-Jul-2015,30.17,30.32,29.92,30,2393200
GTIM,23-Jul-2015,8.24,8.24,7.83,7.92,102800
GTLS,23-Jul-2015,31.35,32.12,30.84,31.25,355700
GTWN,23-Jul-2015,18.42,18.42,18.42,18.42,0
GTXI,23-Jul-2015,1.21,1.3,1.21,1.22,48700
GUID,23-Jul-2015,9.59,9.95,9.52,9.73,200400
GULF,23-Jul-2015,19.69,19.8,19.64,19.67,19200
GURE,23-Jul-2015,1.97,2.01,1.95,1.96,25100
GWGH,23-Jul-2015,8.56,8.56,8.56,8.56,100
GWPH,23-Jul-2015,120.25,121.9,117.37,118.65,397800
GYRO,23-Jul-2015,2.91,2.91,2.88,2.88,2100
HA,23-Jul-2015,24.5,24.75,23.12,23.25,1369300
HABT,23-Jul-2015,31.39,31.67,30.61,30.82,176200
HAFC,23-Jul-2015,26.16,26.49,25.29,25.4,248300
HAIN,23-Jul-2015,68.35,69.09,67.67,68.11,428800
HALL,23-Jul-2015,11.26,11.26,11.12,11.15,21200
HALO,23-Jul-2015,24.81,25.25,23.9,24.01,1075700
HAS,23-Jul-2015,79.92,80.27,79.05,79.28,1025900
HAWK,23-Jul-2015,45.79,46.04,44.73,45.07,1201400
HAYN,23-Jul-2015,44.34,44.37,42.96,43.11,54800
HBAN,23-Jul-2015,11.78,11.9,11.65,11.73,12862100
HBANP,23-Jul-2015,1340,1340,1340,1340,0
HBCP,23-Jul-2015,25,25,24.53,24.7,5400
HBHC,23-Jul-2015,29.19,29.51,28.28,28.3,986100
HBHCL,23-Jul-2015,24.67,24.73,24.21,24.34,42200
HBIO,23-Jul-2015,5.12,5.12,4.95,4.99,90300
HBK,23-Jul-2015,13.4,14,13.03,14,14400
HBMD,23-Jul-2015,14,14.7,13.87,14.65,23400
HBNC,23-Jul-2015,16.46,16.5733,15.6667,15.74,27500
HBP,23-Jul-2015,3.3,3.3,3.2,3.23,8000
HCACU,23-Jul-2015,10,10.05,9.95,10,1575700
HCAP,23-Jul-2015,14.02,14.02,13.66,13.98,17700
HCAPL,23-Jul-2015,25.55,25.55,25.4,25.48,2200
HCCI,23-Jul-2015,13.65,13.75,13.07,13.12,12300
HCKT,23-Jul-2015,13.02,13.22,12.85,13.18,130300
HCOM,23-Jul-2015,24.89,25.01,24.83,24.9,22700
HCSG,23-Jul-2015,34.36,34.98,34.34,34.93,921400
HDNG,23-Jul-2015,9.11,9.14,9.01,9.05,10200
HDP,23-Jul-2015,25.76,25.99,25.38,25.68,135100
HDRA,23-Jul-2015,9.66,9.66,9.66,9.66,0
HDRAR,23-Jul-2015,0.35,0.35,0.35,0.35,0
HDRAU,23-Jul-2015,10.08,10.08,10.08,10.08,0
HDRAW,23-Jul-2015,0.24,0.24,0.24,0.24,0
HDS,23-Jul-2015,35.54,35.56,34.56,34.56,8043900
HDSN,23-Jul-2015,3.11,3.19,3.06,3.16,83300
HEAR,23-Jul-2015,2.16,2.47,2.1,2.28,350200
HEES,23-Jul-2015,16.28,16.28,14.68,14.78,855000
HELE,23-Jul-2015,91.79,91.82,89.86,89.9,309900
HEOP,23-Jul-2015,8.39,8.39,7.9,7.9,9500
HFBC,23-Jul-2015,12,12,11.91,11.91,200
HFBL,23-Jul-2015,20.7,20.7,20.46,20.46,500
HFWA,23-Jul-2015,18.5,18.65,17.82,17.82,68100
HGSH,23-Jul-2015,2.3,2.3,2.22,2.22,4600
HIBB,23-Jul-2015,44.83,44.85,43.69,43.87,263900
HIFS,23-Jul-2015,113.1,118.34,112.7,116.6,33700
HIHO,23-Jul-2015,3.6,3.85,3.6,3.79,3500
HIIQ,23-Jul-2015,4.91,4.92,4.74,4.85,28700
HIMX,23-Jul-2015,7.8,8.04,7.8,7.88,1127400
HLG,23-Jul-2015,9,9.77,8.98,9.48,9800
HLIT,23-Jul-2015,6.65,6.74,6.44,6.48,592500
HMHC,23-Jul-2015,26.87,27.04,26.51,26.59,468500
HMNF,23-Jul-2015,12,12,12,12,300
HMNY,23-Jul-2015,2.2,2.23,2.2,2.23,2000
HMST,23-Jul-2015,24.29,24.29,23.71,23.85,133300
HMSY,23-Jul-2015,11.56,11.76,11.42,11.64,3226500
HMTV,23-Jul-2015,13.4,13.42,13.23,13.26,37900
HNH,23-Jul-2015,30.05,30.55,30,30,12900
HNNA,23-Jul-2015,19.75,19.95,19.75,19.95,600
HNRG,23-Jul-2015,7.37,7.37,7.04,7.25,94900
HOFT,23-Jul-2015,25.96,26.04,25.41,25.65,102700
HOLI,23-Jul-2015,22.55,22.61,22.32,22.39,255200
HOLX,23-Jul-2015,37.98,38.05,37.58,37.62,2072500
HOMB,23-Jul-2015,20,20.22,19.625,19.635,261600
HOTR,23-Jul-2015,2.67,2.73,2.56,2.63,269800
HOTRW,23-Jul-2015,0.4,0.42,0.26,0.38,5100
HOVNP,23-Jul-2015,12.25,13.4,11.76,12.6,3200
HPJ,23-Jul-2015,3.11,3.2,3.08,3.1,20300
HQCL,23-Jul-2015,14.56,14.96,14.32,14.4,12300
HQY,23-Jul-2015,33.3,33.45,32.95,33.1,177500
HRMN,23-Jul-2015,9.9,9.9,9.9,9.9,0
HRMNU,23-Jul-2015,10.11,10.11,10.11,10.11,0
HRMNW,23-Jul-2015,0.3,0.3,0.3,0.3,0
HRTX,23-Jul-2015,33.71,34.5,32.89,33.03,352000
HRZN,23-Jul-2015,10.61,10.7,10.04,10.66,281400
HSGX,23-Jul-2015,6.32,6.73,6.23,6.3,12800
HSIC,23-Jul-2015,149.06,149.06,147.12,147.37,236300
HSII,23-Jul-2015,24.9,24.97,24.07,24.17,64400
HSKA,23-Jul-2015,30.15,30.4,29.33,29.75,29000
HSNI,23-Jul-2015,72.72,73.02,71.52,71.89,115600
HSON,23-Jul-2015,2.19,2.2,2.15,2.18,13000
HSTM,23-Jul-2015,30.62,30.78,29.22,29.4,201500
HTBI,23-Jul-2015,17,17.02,16.75,16.76,43700
HTBK,23-Jul-2015,11,11.14,10.83,11.09,174700
HTBX,23-Jul-2015,6.03,6.03,6.03,6.03,500
HTGM,23-Jul-2015,10.56,11.16,10.22,10.44,13300
HTHT,23-Jul-2015,22.95,23.16,22.44,22.61,215200
HTLD,23-Jul-2015,19.95,19.95,19.46,19.49,355000
HTLF,23-Jul-2015,37.81,38.1,35.81,37.31,53600
HUBG,23-Jul-2015,42.28,42.86,41.73,41.89,476900
HURC,23-Jul-2015,33.78,34,32.41,32.44,29300
HURN,23-Jul-2015,69.74,69.99,68.62,69.07,190200
HWAY,23-Jul-2015,12.37,12.44,12.03,12.13,445300
HWBK,23-Jul-2015,14.12,14.13,14,14.05,1600
HWCC,23-Jul-2015,9.79,9.83,9.57,9.57,141200
HWKN,23-Jul-2015,37.42,37.42,35.81,35.95,16900
HYGS,23-Jul-2015,9.02,9.23,8.55,8.8,58300
HYLS,23-Jul-2015,50.16,50.24,49.95,49.95,36400
HYND,23-Jul-2015,21.6,21.6,21.43,21.43,5500
HYZD,23-Jul-2015,23.65,23.84,23.65,23.84,1300
HZNP,23-Jul-2015,38.25,39,37.75,38.08,1438500
IART,23-Jul-2015,65.71,65.99,64.01,65.24,133200
IBB,23-Jul-2015,394.35,397.58,392.32,393.75,1820400
IBCP,23-Jul-2015,13.69,13.7,13.4,13.45,38200
IBKC,23-Jul-2015,69.37,69.96,67.02,67.49,309000
IBKR,23-Jul-2015,43.4,44,43.24,43.77,883100
IBOC,23-Jul-2015,27.54,27.7,26.93,27.05,176200
IBTX,23-Jul-2015,44.98,44.98,42.82,43.09,26000
ICAD,23-Jul-2015,3.44,3.45,3.3,3.41,46800
ICBK,23-Jul-2015,18.49,18.85,18.4,18.73,1100
ICCC,23-Jul-2015,8.4,8.88,8.4,8.87,9800
ICFI,23-Jul-2015,35.4,35.62,34.84,35.12,33000
ICLN,23-Jul-2015,10.77,10.81,10.64,10.68,112100
ICLR,23-Jul-2015,68.47,68.47,67.19,67.9,303400
ICON,23-Jul-2015,23.37,23.37,22.33,22.34,968800
ICPT,23-Jul-2015,269.23,282.36,269.23,280,364300
ICUI,23-Jul-2015,99.37,99.47,98.46,98.73,100700
IDCC,23-Jul-2015,57.27,57.69,57.06,57.26,303700
IDRA,23-Jul-2015,3.79,4.16,3.75,3.95,4299500
IDSA,23-Jul-2015,3.84,3.84,3.84,3.84,300
IDSY,23-Jul-2015,5.31,5.36,5.3,5.31,40100
IDTI,23-Jul-2015,19.68,20.29,19.68,19.91,3163000
IDXX,23-Jul-2015,70.88,71.17,66.79,67.05,2217600
IEP,23-Jul-2015,83.37,83.64,81.61,82.31,94700
IESC,23-Jul-2015,6.96,6.96,6.91,6.91,700
IEUS,23-Jul-2015,47.48,47.72,47.13,47.23,5000
IFEU,23-Jul-2015,38.43,38.43,38.22,38.31,13200
IFGL,23-Jul-2015,29.98,30.01,29.83,29.87,68000
IFON,23-Jul-2015,3.01,3.04,2.96,3,31800
IFV,23-Jul-2015,19.51,19.67,19.5,19.55,405000
IGLD,23-Jul-2015,6.26,6.36,6.26,6.29,7800
IGOV,23-Jul-2015,89.3,89.63,89.27,89.61,29500
III,23-Jul-2015,4.43,4.59,4.38,4.38,85000
IIIN,23-Jul-2015,17.91,17.91,17.55,17.76,85700
IIJI,23-Jul-2015,9.86,9.86,9.86,9.86,500
IIN,23-Jul-2015,6.72,6.99,6.37,6.83,1800
IIVI,23-Jul-2015,17.52,17.75,17.37,17.45,137400
IKGH,23-Jul-2015,1.52,1.58,1.5,1.57,51500
IKNX,23-Jul-2015,14.53,14.53,14.53,14.53,100
ILMN,23-Jul-2015,219.46,220.19,212.32,219.94,2948100
IMDZ,23-Jul-2015,26.92,27,25.55,25.82,33900
IMGN,23-Jul-2015,19,19.09,18.09,18.15,818400
IMI,23-Jul-2015,2.27,2.36,2.12,2.29,33900
IMKTA,23-Jul-2015,48.35,48.35,47.17,47.25,180800
IMMR,23-Jul-2015,12.25,12.45,11.96,12.09,157800
IMMU,23-Jul-2015,3.82,3.89,3.72,3.75,776400
IMMY,23-Jul-2015,8.5,8.64,8.43,8.43,72500
IMNP,23-Jul-2015,1.95,1.95,1.82,1.86,331400
IMOS,23-Jul-2015,17.71,18.81,17.47,17.5,338800
INAP,23-Jul-2015,9.88,9.92,9.64,9.67,136200
INBK,23-Jul-2015,28.65,29.48,27.68,27.83,9800
INCR,23-Jul-2015,42,42,40.38,40.52,358900
INCY,23-Jul-2015,115.17,115.66,112.3,113.21,544200
INDB,23-Jul-2015,49.69,50.1,48.49,48.58,69100
INDY,23-Jul-2015,30.96,30.96,30.61,30.64,294400
INFI,23-Jul-2015,9.37,9.5,9.21,9.4,674300
INFN,23-Jul-2015,22.05,24.24,22.05,23.15,7967600
INGN,23-Jul-2015,43.2,44.08,42.82,43.44,147700
ININ,23-Jul-2015,42.51,43.35,41.76,41.79,83300
INNL,23-Jul-2015,14.06,14.65,14.06,14.63,1300
INO,23-Jul-2015,7.43,7.52,7.2,7.23,453500
INOD,23-Jul-2015,2.64,2.65,2.57,2.63,5200
INOV,23-Jul-2015,26.14,26.22,25.64,26.01,253100
INSM,23-Jul-2015,26.65,27,26.15,26.22,206100
INSY,23-Jul-2015,44.04,44.98,43.55,44.25,671800
INTC,23-Jul-2015,28.66,28.97,28.43,28.59,33775100
INTG,23-Jul-2015,20.32,20.33,20.25,20.3,2000
INTL,23-Jul-2015,32.18,32.24,30.83,31.32,102000
INTU,23-Jul-2015,106.87,107.89,106.52,107.25,792900
INTX,23-Jul-2015,2.46,2.62,2.42,2.54,57300
INVE,23-Jul-2015,4.8,4.91,4.32,4.48,131700
INVT,23-Jul-2015,2.5,2.6,2.5,2.6,9900
INWK,23-Jul-2015,7.22,7.22,6.88,6.97,237400
IOSP,23-Jul-2015,43.4,43.46,42.69,42.89,119500
IPAR,23-Jul-2015,30.18,31.74,29.36,29.99,255500
IPAS,23-Jul-2015,1.1,1.13,1.1,1.1,276800
IPCC,23-Jul-2015,77.84,78.26,76.64,76.87,26100
IPCI,23-Jul-2015,3.63,3.7,3.56,3.63,83900
IPDN,23-Jul-2015,19.6,21.28,19.44,20.96,23600
IPGP,23-Jul-2015,81,82.38,80.38,81.4,287700
IPHS,23-Jul-2015,49.64,50.16,49.26,49.3,116900
IPKW,23-Jul-2015,27.65,27.65,27.33,27.51,120400
IPWR,23-Jul-2015,7.61,7.61,6.85,7.14,50400
IPXL,23-Jul-2015,50.02,51.42,49.88,50.24,398800
IQNT,23-Jul-2015,17.86,18.55,17.17,17.63,329900
IRBT,23-Jul-2015,31.08,31.68,30.8,31.62,364700
IRCP,23-Jul-2015,31.5,31.5,31.5,31.5,0
IRDM,23-Jul-2015,8.12,8.19,7.65,7.68,1376200
IRDMB,23-Jul-2015,305,305,305,305,0
IRG,23-Jul-2015,5.04,5.18,4.88,4.89,37300
IRIX,23-Jul-2015,7.01,7.31,6.93,6.93,90600
IRMD,23-Jul-2015,19,19.9,18.95,19.71,34300
IROQ,23-Jul-2015,16.65,16.65,16.65,16.65,100
IRWD,23-Jul-2015,11.38,11.65,11.23,11.41,1249100
ISBC,23-Jul-2015,12.5,12.57,12.3,12.3,3053200
ISCA,23-Jul-2015,35.85,35.85,35.22,35.45,125300
ISHG,23-Jul-2015,78.33,78.66,78.33,78.63,31300
ISIG,23-Jul-2015,2.64,2.64,2.64,2.64,0
ISIL,23-Jul-2015,11.56,11.93,11.56,11.62,970000
ISLE,23-Jul-2015,19.35,19.69,18.92,19.07,266700
ISM,23-Jul-2015,23.4,23.4,23.27,23.27,200
ISNS,23-Jul-2015,3.99,4.14,3.98,4.07,64700
ISRG,23-Jul-2015,549.99,560.57,545.56,557.2,494600
ISRL,23-Jul-2015,140,140,140,140,0
ISSC,23-Jul-2015,3.32,3.37,3.32,3.35,3200
ISTR,23-Jul-2015,15.37,15.37,15.35,15.35,400
ITCI,23-Jul-2015,30.4,30.78,29.52,29.63,300600
ITEK,23-Jul-2015,8.32,16.75,7.66,15.37,43265800
ITIC,23-Jul-2015,70.96,70.96,70.96,70.96,600
ITRI,23-Jul-2015,30.52,30.99,30.33,30.4,244400
ITRN,23-Jul-2015,25.1,25.36,24.74,24.96,9700
ITUS,23-Jul-2015,5.85,6.15,5.24,5.47,72600
IVAC,23-Jul-2015,4.83,4.91,4.81,4.82,39800
IVTY,23-Jul-2015,13.9,13.9,12.92,13.07,150800
IXYS,23-Jul-2015,13.92,14.05,13.52,13.73,272600
JACK,23-Jul-2015,94.95,95.11,92.97,93,374400
JAGX,23-Jul-2015,4,4,3.9,3.9,9900
JAKK,23-Jul-2015,9.8,9.91,9.54,9.82,601400
JASN,23-Jul-2015,6.62,6.62,6.35,6.36,15800
JASNW,23-Jul-2015,0.41,0.41,0.41,0.41,1300
JASO,23-Jul-2015,7.53,7.77,7.48,7.7,1301000
JAZZ,23-Jul-2015,185.54,187,185,186.34,396800
JBHT,23-Jul-2015,82.89,83.18,81.29,81.69,1994700
JBLU,23-Jul-2015,24.13,24.19,23.19,23.22,12084100
JBSS,23-Jul-2015,51.97,52.46,51.48,51.7,57300
JCOM,23-Jul-2015,70.09,70.34,68.78,69.12,173900
JCS,23-Jul-2015,10.03,10.03,9.7,9.99,17100
JCTCF,23-Jul-2015,9.68,9.68,9.68,9.68,0
JD,23-Jul-2015,35.45,35.45,33.92,34.7,7820100
JIVE,23-Jul-2015,4.9,4.98,4.79,4.85,284400
JJSF,23-Jul-2015,114.02,114.02,110.49,111.1,67900
JKHY,23-Jul-2015,69.7,70,69.2,69.38,365300
JMBA,23-Jul-2015,15.59,15.6,15.19,15.3,109800
JNP,23-Jul-2015,10.73,10.98,10.15,10.2,32500
JOBS,23-Jul-2015,33.33,33.56,32.6,32.82,109100
JOUT,23-Jul-2015,21.92,22.36,21.8,21.8,6400
JRJC,23-Jul-2015,5.14,5.25,5,5.03,147200
JRVR,23-Jul-2015,27.42,28.12,27.09,27.32,64500
JSM,23-Jul-2015,21.34,21.4,21.17,21.37,19600
JTPY,23-Jul-2015,2.9,2.9,2.9,2.9,100
JUNO,23-Jul-2015,52.06,53.88,51.6,51.65,2109300
JVA,23-Jul-2015,4.92,4.92,4.85,4.89,19800
JXSB,23-Jul-2015,24.3,24.3,24.3,24.3,0
JYNT,23-Jul-2015,9.65,9.65,9.5,9.5,1900
KALU,23-Jul-2015,86.37,87.19,84.75,85.44,289800
KANG,23-Jul-2015,17.58,17.81,17.4,17.5,319100
KBAL,23-Jul-2015,12.31,12.31,12.08,12.12,191900
KBSF,23-Jul-2015,3.74,3.74,3.74,3.74,0
KCAP,23-Jul-2015,5.35,5.41,5.27,5.31,132500
KE,23-Jul-2015,13.68,13.82,13.33,13.54,51200
KELYA,23-Jul-2015,15.15,15.23,14.4,14.52,103800
KELYB,23-Jul-2015,14.57,14.57,14.57,14.57,100
KEQU,23-Jul-2015,16.65,16.65,16.54,16.54,300
KERX,23-Jul-2015,9.3,9.59,8.69,9.26,3037400
KEYW,23-Jul-2015,9.77,10.29,9.77,10.09,630000
KFFB,23-Jul-2015,8.4,8.4,8.4,8.4,100
KFRC,23-Jul-2015,24.04,24.04,23.19,23.32,92500
KGJI,23-Jul-2015,0.75,0.79,0.75,0.76,148900
KHC,23-Jul-2015,78.42,78.57,76.64,76.74,2975600
KIN,23-Jul-2015,6.65,6.66,6.43,6.55,29500
KINS,23-Jul-2015,7.68,7.68,7.68,7.68,300
KIRK,23-Jul-2015,27.54,27.62,26.78,26.92,89900
KITE,23-Jul-2015,72.05,73.59,71.15,71.68,420400
KLAC,23-Jul-2015,51.76,53.34,51.51,52.84,2404400
KLIC,23-Jul-2015,10.46,10.74,10.46,10.56,233600
KLXI,23-Jul-2015,40.47,40.6,39.69,39.72,414800
KMDA,23-Jul-2015,3.93,3.96,3.87,3.9,9000
KMPH,23-Jul-2015,17.9,18.16,17.76,17.97,41000
KNDI,23-Jul-2015,7.72,7.85,7.5,7.57,381000
KONA,23-Jul-2015,20.31,20.31,19.76,19.78,61900
KONE,23-Jul-2015,5.83,6.2,5.78,5.85,10100
KOOL,23-Jul-2015,15.2,15.4,14.6,14.8,8300
KOPN,23-Jul-2015,3.04,3.11,3.02,3.03,86900
KOSS,23-Jul-2015,2.42,2.47,2.4,2.4,500
KPTI,23-Jul-2015,23.4,24.02,22.83,22.95,259000
KRNT,23-Jul-2015,14.82,14.82,14.11,14.75,27400
KRNY,23-Jul-2015,11.59,11.63,11.41,11.46,502100
KTCC,23-Jul-2015,10.31,10.67,10.31,10.47,102300
KTEC,23-Jul-2015,12.26,12.26,11.62,12.23,182200
KTOS,23-Jul-2015,5.78,5.89,5.73,5.78,230100
KTWO,23-Jul-2015,24.59,24.7,23.51,23.61,349400
KVHI,23-Jul-2015,12.78,12.97,12.73,12.86,25000
KWEB,23-Jul-2015,39,39.09,38.49,38.5,113600
KZ,23-Jul-2015,7.23,7.28,7.17,7.25,87500
LABL,23-Jul-2015,63.87,64.69,63.2,63.46,67300
LAKE,23-Jul-2015,10.86,10.86,10.65,10.69,40400
LALT,23-Jul-2015,22.75,22.75,22.7,22.71,1000
LAMR,23-Jul-2015,58.58,58.63,57.84,58.05,329300
LANC,23-Jul-2015,92.73,93.18,91.21,91.39,71100
LAND,23-Jul-2015,10.68,10.73,10.33,10.33,38600
LARK,23-Jul-2015,25.96,26.22,25.96,26.1,1900
LAWS,23-Jul-2015,23.99,28.07,23.74,27.76,371400
LAYN,23-Jul-2015,8.74,8.74,8.16,8.23,224500
LBAI,23-Jul-2015,12.18,12.18,11.77,11.83,63100
LBIO,23-Jul-2015,9.9,10.05,9.43,9.47,394000
LBIX,23-Jul-2015,3.8,3.8,3.74,3.79,2800
LBRDA,23-Jul-2015,54.82,54.85,53.55,53.66,56400
LBRDK,23-Jul-2015,54.56,54.56,53.08,53.2,240700
LBTYA,23-Jul-2015,52.81,52.81,51.72,52.08,2287200
LBTYB,23-Jul-2015,53.23,53.23,53.23,53.23,0
LBTYK,23-Jul-2015,49.6,49.6,48.83,49.05,1892900
LCNB,23-Jul-2015,16.02,16.22,16.02,16.02,1600
LCUT,23-Jul-2015,14.95,15.03,14.72,14.84,16900
LDRI,23-Jul-2015,25.01,25.01,25.01,25.01,100
LE,23-Jul-2015,25.22,25.42,25.13,25.15,620800
LECO,23-Jul-2015,58.8,59.25,58.53,58.8,630000
LEDS,23-Jul-2015,0.52,0.58,0.52,0.55,15800
LENS,23-Jul-2015,6.07,6.07,5.99,5.99,9500
LFUS,23-Jul-2015,91.52,92.5,90.91,91.12,98200
LFVN,23-Jul-2015,3.64,3.71,3.57,3.64,105500
LGCY,23-Jul-2015,8.25,8.51,8.11,8.44,269600
LGCYO,23-Jul-2015,17.89,17.89,17.25,17.48,19300
LGCYP,23-Jul-2015,17.94,17.95,17.27,17.56,14100
LGIH,23-Jul-2015,19.58,19.91,18.75,18.97,102800
LGND,23-Jul-2015,106.43,107.71,104.25,104.65,260200
LHCG,23-Jul-2015,41.68,41.83,40.46,40.78,70600
LIFE,23-Jul-2015,17.5,17.59,16.42,16.67,128600
LILA,23-Jul-2015,47,47.15,46.5,46.59,95200
LILAK,23-Jul-2015,46.71,46.78,46.06,46.43,225800
LINC,23-Jul-2015,1.65,1.65,1.54,1.6,26600
LIND,23-Jul-2015,10.69,10.69,10.32,10.4,82100
LINDW,23-Jul-2015,2.2,2.2,2.05,2.2,76400
LION,23-Jul-2015,18.7,18.7,18.39,18.44,238000
LIOX,23-Jul-2015,5.8,5.88,5.73,5.86,334800
LIVE,23-Jul-2015,2.35,2.37,2.19,2.19,137900
LJPC,23-Jul-2015,30.59,31.65,30.21,30.3,95700
LKFN,23-Jul-2015,29.58,29.6467,28.98,29.0667,53100
LKQ,23-Jul-2015,31.3,31.52,31.25,31.4,1312500
LLNW,23-Jul-2015,4.05,4.07,3.9,3.9,180400
LLTC,23-Jul-2015,40.38,41.91,40.21,40.98,6956300
LMAT,23-Jul-2015,11.56,11.88,11.42,11.43,68500
LMBS,23-Jul-2015,50.58,50.58,50.58,50.58,0
LMCA,23-Jul-2015,36.42,36.54,36.15,36.35,586900
LMCK,23-Jul-2015,35.95,35.97,35.53,35.75,537000
LMIA,23-Jul-2015,10.17,10.22,9.75,9.79,37100
LMNR,23-Jul-2015,20.83,20.83,19.82,19.94,18300
LMNX,23-Jul-2015,17.48,17.77,17.25,17.69,310400
LMOS,23-Jul-2015,14.34,14.37,14,14.22,79900
LMRK,23-Jul-2015,15.14,15.42,14.91,15.34,51700
LNCE,23-Jul-2015,32.19,32.3,31.83,31.98,113200
LNDC,23-Jul-2015,13.78,13.78,13.2,13.32,68200
LNTH,23-Jul-2015,7.3,7.3,6.96,7.17,66500
LOAN,23-Jul-2015,4.11,4.13,4.09,4.12,15200
LOB,23-Jul-2015,18.5,19.45,17.63,19.07,2755600
LOCO,23-Jul-2015,19.39,19.48,18.7,18.86,462400
LOGI,23-Jul-2015,14.9,15.09,14.59,14.64,1213100
LOGM,23-Jul-2015,66.86,67.9,64.66,65.51,497700
LOPE,23-Jul-2015,44.47,44.49,43.78,44.2,171200
LORL,23-Jul-2015,66.45,66.45,64.54,64.71,31900
LOXO,23-Jul-2015,17.64,18.06,17.4,17.51,50900
LPCN,23-Jul-2015,14.08,14.18,12.64,13.54,639500
LPLA,23-Jul-2015,47.16,47.24,46.37,46.52,485400
LPNT,23-Jul-2015,85.19,85.66,84.52,84.89,151700
LPSN,23-Jul-2015,9.88,9.89,9.61,9.66,145500
LPTH,23-Jul-2015,1.8,1.82,1.78,1.82,33900
LPTN,23-Jul-2015,4.06,4.76,3.92,4.48,3828200
LQDT,23-Jul-2015,9.62,9.86,9.48,9.6,145000
LRAD,23-Jul-2015,1.86,1.86,1.76,1.79,26900
LRCX,23-Jul-2015,76.7,78.1,76.42,77.02,1240300
LSBG,23-Jul-2015,14.94,14.94,14.89,14.89,900
LSBK,23-Jul-2015,13.2,13.2,13.2,13.2,1100
LSCC,23-Jul-2015,5.35,5.5,5.26,5.39,1023100
LSTR,23-Jul-2015,69.18,69.35,67.27,68.32,737600
LTBR,23-Jul-2015,4.75,4.75,4.5,4.55,131300
LTRPA,23-Jul-2015,34.56,35,34.22,34.3,1018100
LTRPB,23-Jul-2015,35.17,35.17,35.17,35.17,0
LTRX,23-Jul-2015,1.53,1.53,1.51,1.53,5600
LTXB,23-Jul-2015,31.52,31.81,30.67,31.03,287300
LULU,23-Jul-2015,63.29,64.82,61.9,62,1953900
LUNA,23-Jul-2015,1.12,1.12,1.05,1.06,30800
LVNTA,23-Jul-2015,40.48,40.7,40.05,40.16,406200
LVNTB,23-Jul-2015,40.65,40.65,40.65,40.65,0
LWAY,23-Jul-2015,14.76,15.46,14.19,14.37,60600
LXRX,23-Jul-2015,9.44,9.58,9.23,9.26,307900
LYTS,23-Jul-2015,10.48,10.48,10.31,10.39,143400
MACK,23-Jul-2015,10.49,10.56,10.21,10.43,1100900
MAGS,23-Jul-2015,4.29,4.29,4.13,4.15,17300
MAMS,23-Jul-2015,5.25,5.41,5.18,5.39,17100
MANH,23-Jul-2015,68.74,69.81,66.16,66.77,859500
MANT,23-Jul-2015,29.78,30.08,29.52,29.83,143000
MAR,23-Jul-2015,76.92,76.92,74.04,74.62,3260900
MARA,23-Jul-2015,3,3.01,2.99,3,112500
MARK,23-Jul-2015,4.2,4.3,4.13,4.2,21800
MARPS,23-Jul-2015,6.75,6.91,6.14,6.31,6400
MASI,23-Jul-2015,42.44,42.44,41.69,42,326800
MAT,23-Jul-2015,23.64,23.74,23.44,23.53,4653600
MATR,23-Jul-2015,6.11,6.8,6.06,6.68,172300
MATW,23-Jul-2015,54.54,54.88,53.43,53.43,63800
MAYS,23-Jul-2015,56.82,56.82,55.72,55.72,400
MB,23-Jul-2015,11.88,12.11,11.88,12.02,133700
MBCN,23-Jul-2015,31.06,31.6,31.01,31.6,2200
MBFI,23-Jul-2015,36.04,36.15,35.08,35.14,362900
MBFIP,23-Jul-2015,27.1,27.1,27.1,27.1,0
MBII,23-Jul-2015,2,2,1.93,1.94,41100
MBLX,23-Jul-2015,3.33,3.64,3.33,3.51,11100
MBRG,23-Jul-2015,18,18.21,18,18.08,13700
MBSD,23-Jul-2015,25.02,25.02,25.02,25.02,100
MBTF,23-Jul-2015,5.76,5.8,5.7,5.8,16500
MBUU,23-Jul-2015,19,19.31,18.89,18.96,94800
MBVT,23-Jul-2015,31.94,32.81,31.65,31.65,3800
MBWM,23-Jul-2015,20.11,20.13,19.98,20.04,98600
MCBC,23-Jul-2015,5.55,5.6,5.49,5.57,35500
MCEP,23-Jul-2015,3.23,3.32,3.01,3.03,346600
MCFT,23-Jul-2015,15.55,15.95,15.55,15.67,41900
MCHP,23-Jul-2015,42.37,43.61,42.14,42.67,3319900
MCHX,23-Jul-2015,4.71,4.71,4.56,4.6,82000
MCRB,23-Jul-2015,41.56,43,41.07,41.12,60700
MCRI,23-Jul-2015,20.07,20.49,19.86,20.27,73200
MCUR,23-Jul-2015,13.5,14.39,13.5,13.94,41700
MDCA,23-Jul-2015,18.72,19.06,18.24,18.53,877100
MDCO,23-Jul-2015,33.79,34.31,33.6,34,469700
MDIV,23-Jul-2015,19.9,20,19.76,19.81,290100
MDLZ,23-Jul-2015,42.02,42.4,42,42.12,5404800
MDM,23-Jul-2015,3.41,3.5,3.38,3.42,51400
MDRX,23-Jul-2015,15.22,15.22,14.76,14.78,2638500
MDSO,23-Jul-2015,56.06,57,54.47,54.61,459800
MDSY,23-Jul-2015,1.51,1.51,1.51,1.51,0
MDVX,23-Jul-2015,3.48,3.48,3.3,3.39,9700
MDVXW,23-Jul-2015,0.26,0.26,0.26,0.26,0
MDWD,23-Jul-2015,6.56,6.84,6.54,6.75,55300
MDXG,23-Jul-2015,12.75,12.9,12.48,12.5,821700
MEET,23-Jul-2015,1.63,1.65,1.63,1.63,112700
MEIP,23-Jul-2015,1.65,1.69,1.57,1.66,379400
MELI,23-Jul-2015,135,135.72,132.55,133.12,270800
MELR,23-Jul-2015,14.25,14.25,14.25,14.25,100
MEMP,23-Jul-2015,11.22,11.64,10.92,11.04,1336300
MENT,23-Jul-2015,26.25,26.37,25.86,25.88,511300
MEOH,23-Jul-2015,48.13,48.22,47.27,47.37,785400
MERC,23-Jul-2015,12.94,13.1,12.06,12.37,314800
MFNC,23-Jul-2015,10.77,10.8,10.77,10.8,600
MFRI,23-Jul-2015,5.99,6.11,5.95,5.96,10600
MFSF,23-Jul-2015,24.24,24.49,24.24,24.32,1900
MGCD,23-Jul-2015,5.45,5.47,5.45,5.45,1600
MGEE,23-Jul-2015,39.21,39.38,38.6,38.77,46200
MGI,23-Jul-2015,8.33,8.52,8.21,8.27,126400
MGIC,23-Jul-2015,6.28,6.36,6.26,6.35,17400
MGLN,23-Jul-2015,67.03,67.18,66.27,66.72,156100
MGNX,23-Jul-2015,39,39.39,37.42,37.6,236500
MGPI,23-Jul-2015,16.28,16.53,15.93,16.49,57300
MGRC,23-Jul-2015,28.83,28.89,28.23,28.25,112100
MGYR,23-Jul-2015,9.8,9.8,9.8,9.8,0
MHGC,23-Jul-2015,6.12,6.18,5.8,5.9,191100
MHLD,23-Jul-2015,16.19,16.22,15.75,15.81,318300
MICT,23-Jul-2015,3,3,3,3,1800
MICTW,23-Jul-2015,0.48,0.48,0.48,0.48,300
MIDD,23-Jul-2015,121.94,122.82,121.05,121.44,141500
MIFI,23-Jul-2015,2.65,2.69,2.52,2.53,496200
MIK,23-Jul-2015,26.53,26.6,26,26.11,617400
MIND,23-Jul-2015,4.02,4.08,3.93,4,32900
MINI,23-Jul-2015,37.69,40,36.72,38.7,478500
MITK,23-Jul-2015,3.99,4,3.8,3.84,317000
MITL,23-Jul-2015,9.2,9.25,8.99,9.06,215300
MKSI,23-Jul-2015,35.19,36.07,34.58,35.56,368800
MKTX,23-Jul-2015,98.31,102.81,95.97,97.95,223800
MLAB,23-Jul-2015,99.08,99.32,96.39,98.95,6800
MLHR,23-Jul-2015,28.82,29.07,28.35,28.41,229100
MLNK,23-Jul-2015,3.32,3.36,3.3,3.32,271600
MLNX,23-Jul-2015,47.81,49.12,47.52,47.95,2249000
MLVF,23-Jul-2015,14.83,14.87,14.76,14.87,4200
MMAC,23-Jul-2015,13.5,13.52,13.26,13.4,10000
MMLP,23-Jul-2015,31.43,31.87,30.6,31.03,105400
MMSI,23-Jul-2015,22.71,22.73,22.1,22.12,350400
MMYT,23-Jul-2015,19.62,19.87,19.41,19.69,100700
MNDO,23-Jul-2015,2.8,2.88,2.78,2.8,50400
MNGA,23-Jul-2015,1.11,1.23,1.09,1.2,1048300
MNKD,23-Jul-2015,5.49,5.59,5.38,5.42,3129400
MNOV,23-Jul-2015,3.68,3.91,3.67,3.7,10700
MNRO,23-Jul-2015,62.51,64,61.6,61.85,246700
MNST,23-Jul-2015,49.1867,49.92,48.8467,49.51,897300
MNTA,23-Jul-2015,23.09,23.24,22.58,22.6,706700
MNTX,23-Jul-2015,5.93,6.46,5.88,6.39,165300
MOBI,23-Jul-2015,4.24,4.36,4.18,4.34,98200
MOBL,23-Jul-2015,5.68,5.83,5.65,5.67,234600
MOCO,23-Jul-2015,16,16,16,16,1000
MOFG,23-Jul-2015,33.52,34.04,31.75,31.77,11800
MOMO,23-Jul-2015,16.25,16.65,15.91,16,481800
MORN,23-Jul-2015,80.01,83.3,80.01,82.98,154900
MOSY,23-Jul-2015,1.9,1.9,1.47,1.49,260800
MPAA,23-Jul-2015,28.29,28.62,27.37,28.43,193500
MPB,23-Jul-2015,16.08,16.1,16.08,16.1,1400
MPEL,23-Jul-2015,21.52,21.68,21,21.19,4510400
MPET,23-Jul-2015,2.6,2.72,2.38,2.6,23700
MPWR,23-Jul-2015,47.51,49.74,47.51,49.21,549400
MRCC,23-Jul-2015,15.09,15.09,14.8,14.92,42300
MRCY,23-Jul-2015,14.56,14.56,14.31,14.37,63000
MRLN,23-Jul-2015,17.42,17.43,16.93,16.93,18900
MRNS,23-Jul-2015,15.98,17.48,15.8,17.38,103100
MRTN,23-Jul-2015,19.73,19.73,18.8,18.83,149400
MRTX,23-Jul-2015,31.4,31.5,29.76,29.91,83100
MRVC,23-Jul-2015,11.98,11.98,11.25,11.81,34700
MRVL,23-Jul-2015,12.5,12.64,12.27,12.42,4888700
MSBF,23-Jul-2015,11.82,11.82,11.8,11.8,32200
MSCC,23-Jul-2015,31.98,33.94,31.98,32.72,1108300
MSEX,23-Jul-2015,23,23,22.49,22.51,26300
MSFG,23-Jul-2015,22,22.1,21.25,21.58,54500
MSFT,23-Jul-2015,45.27,46.23,45.1,46.11,33934000
MSLI,23-Jul-2015,2.46,2.49,2.41,2.41,9600
MSON,23-Jul-2015,9.18,9.33,8.91,9.06,7100
MSTR,23-Jul-2015,184.59,184.9,179.33,179.82,46300
MTBC,23-Jul-2015,1.8,1.8,1.79,1.79,2000
MTEX,23-Jul-2015,17.55,17.6,17.26,17.49,5800
MTGE,23-Jul-2015,16.37,16.37,16.12,16.14,360600
MTGEP,23-Jul-2015,24.4,24.48,24.4,24.48,1800
MTLS,23-Jul-2015,9.25,9.42,9.01,9.15,93900
MTRX,23-Jul-2015,19.25,19.62,18.53,18.63,179500
MTSC,23-Jul-2015,64.04,64.56,63.26,63.65,44000
MTSI,23-Jul-2015,31.59,32.7,31.52,31.71,591100
MTSL,23-Jul-2015,2.96,3,2.9,2.93,23600
MU,23-Jul-2015,18.33,18.93,18.3,18.7,32805200
MVIS,23-Jul-2015,2.88,2.97,2.85,2.9,185200
MXIM,23-Jul-2015,30.57,31.14,30.48,30.73,3685400
MXWL,23-Jul-2015,4.85,4.85,4.43,4.5,628800
MYGN,23-Jul-2015,35.36,35.36,34.69,34.78,301900
MYL,23-Jul-2015,66.99,68.04,66.36,66.56,5788000
MYOS,23-Jul-2015,3.14,3.5,2.5,3.29,19700
MYRG,23-Jul-2015,31.37,31.37,30.19,30.25,84600
MZOR,23-Jul-2015,13.98,14.2,13.88,13.94,15700
NAII,23-Jul-2015,5.84,5.85,5.8,5.85,3400
NAME,23-Jul-2015,6.9,7.03,6.79,6.86,10100
NANO,23-Jul-2015,15.15,15.46,15.12,15.39,104300
NATH,23-Jul-2015,31.27,31.93,31.21,31.22,30400
NATI,23-Jul-2015,27.39,27.81,27.29,27.38,351800
NATL,23-Jul-2015,25.49,25.58,25.13,25.22,17200
NATR,23-Jul-2015,12.66,12.74,12.59,12.6,9400
NAUH,23-Jul-2015,3,3.09,2.91,3.07,6500
NAVG,23-Jul-2015,79.56,79.93,78.31,78.69,37900
NAVI,23-Jul-2015,16.33,16.48,16.16,16.39,2610800
NBIX,23-Jul-2015,52.45,52.49,50.93,51.35,490100
NBN,23-Jul-2015,10,10.05,10,10.05,2500
NBTB,23-Jul-2015,27.12,27.12,26.36,26.45,57000
NCIT,23-Jul-2015,10.23,10.33,10.23,10.27,6800
NCLH,23-Jul-2015,60.05,60.39,59.45,59.84,1217300
NCMI,23-Jul-2015,15.45,15.47,15.15,15.25,195900
NCOM,23-Jul-2015,25.47,25.95,25.4,25.71,5500
NCTY,23-Jul-2015,1.34,1.34,1.3,1.3,8400
NDAQ,23-Jul-2015,50.89,52.22,50.86,51.53,731800
NDLS,23-Jul-2015,15.22,15.28,14.85,14.87,262700
NDRM,23-Jul-2015,19.73,20.26,18.53,18.64,197800
NDSN,23-Jul-2015,73.64,74.11,73.19,73.71,227200
NEO,23-Jul-2015,6.27,6.27,5.78,6,933900
NEOG,23-Jul-2015,60.21,60.95,57.75,58.5,456200
NEON,23-Jul-2015,2.97,3.1,2.96,3.01,119800
NEOS,23-Jul-2015,18.22,19.98,17.1,19.54,3201400
NEOT,23-Jul-2015,13.32,14,13.11,13.49,206100
NEPT,23-Jul-2015,1.34,1.43,1.34,1.36,154100
NERV,23-Jul-2015,6.27,6.27,6.08,6.18,13700
NETE,23-Jul-2015,2,2,1.7,1.7,811700
NEWS,23-Jul-2015,11.53,11.66,11.22,11.53,30000
NEWT,23-Jul-2015,19,19.82,18.87,19.1,162600
NFBK,23-Jul-2015,15.59,15.59,14.97,15,523900
NFEC,23-Jul-2015,1.4,1.48,1.4,1.48,1800
NFLX,23-Jul-2015,110.91,112.18,109.84,110.1,8306700
NGHC,23-Jul-2015,23.19,23.2,22.69,22.7,82000
NGHCO,23-Jul-2015,25.35,25.65,25.3,25.44,135000
NGHCP,23-Jul-2015,25.4,25.42,25.4,25.4,2200
NHLD,23-Jul-2015,3.52,3.52,3.39,3.39,2200
NHTC,23-Jul-2015,28.16,29.42,28,29.4,244800
NICE,23-Jul-2015,64,64.42,63.68,63.78,120000
NICK,23-Jul-2015,12.98,13.06,12.96,12.97,12700
NIHD,23-Jul-2015,15.4,15.4,15.07,15.15,6400
NILE,23-Jul-2015,32,32.08,31.34,31.44,93800
NKSH,23-Jul-2015,31.45,31.82,31.23,31.23,11700
NKTR,23-Jul-2015,12.78,13.07,12.58,12.72,1329600
NLNK,23-Jul-2015,55.02,55.41,52.83,53.32,339900
NLST,23-Jul-2015,0.58,0.58,0.55,0.55,55300
NMIH,23-Jul-2015,7.86,7.91,7.82,7.85,101900
NMRX,23-Jul-2015,8.54,8.81,8.45,8.47,40700
NNBR,23-Jul-2015,24.52,24.84,23.5,24.29,597400
NRCIA,23-Jul-2015,14.09,14.47,12.83,13.1,24300
NRCIB,23-Jul-2015,32.88,34,32.88,33.22,2900
NRIM,23-Jul-2015,25.56,25.61,25.22,25.34,13100
NSEC,23-Jul-2015,14.23,14.23,14.08,14.08,200
NSIT,23-Jul-2015,28,28.17,27.56,27.71,98400
NSSC,23-Jul-2015,5.77,6,5.72,5.84,13600
NSTG,23-Jul-2015,16.63,16.63,15.97,16.19,78800
NSYS,23-Jul-2015,4.43,4.44,4.41,4.44,1600
NTAP,23-Jul-2015,31.23,32.18,31.11,31.4,4703900
NTCT,23-Jul-2015,39.59,40.19,36.92,37.54,7962000
NTES,23-Jul-2015,151.88,153.87,150.12,150.58,715700
NTGR,23-Jul-2015,29.02,29.5,28.72,28.75,318800
NTIC,23-Jul-2015,16.85,16.85,16.85,16.85,100
NTRA,23-Jul-2015,20.74,21.21,20.29,20.42,98200
NTRI,23-Jul-2015,26.44,26.81,26.09,26.21,467600
NTRS,23-Jul-2015,78.3,79.25,77.65,78,1870300
NTRSP,23-Jul-2015,25.61,25.73,25.6,25.72,31300
NTWK,23-Jul-2015,5,5,4.95,4.95,3200
NUAN,23-Jul-2015,18,18.18,17.88,18.04,2229700
NURO,23-Jul-2015,3.36,3.36,3,3.08,92900
NUROW,23-Jul-2015,0.88,0.88,0.72,0.8,3600
NUTR,23-Jul-2015,24.17,24.17,23.96,23.98,7600
NUVA,23-Jul-2015,49.42,50.37,49.35,49.64,471000
NVAX,23-Jul-2015,12.42,12.42,11.86,11.99,3188000
NVCN,23-Jul-2015,5.86,6.15,5.74,6.1,53400
NVDA,23-Jul-2015,19.45,19.94,19.41,19.65,4247800
NVDQ,23-Jul-2015,12.81,12.94,12.49,12.69,223700
NVEC,23-Jul-2015,75,75,59.5,59.51,229600
NVEE,23-Jul-2015,24.32,24.5,23.85,23.9,83700
NVET,23-Jul-2015,4.77,4.84,4.57,4.62,21300
NVFY,23-Jul-2015,1.87,1.89,1.77,1.77,142100
NVGN,23-Jul-2015,4,4.07,3.9,3.96,114300
NVIV,23-Jul-2015,16.81,17.19,16.65,17.05,212400
NVLS,23-Jul-2015,18.43,18.73,17.54,17.75,246400
NVMI,23-Jul-2015,12.43,12.47,12.29,12.29,46400
NWBI,23-Jul-2015,13.02,13.04,12.77,12.77,612000
NWBO,23-Jul-2015,11.98,12.55,11.93,12.24,731600
NWBOW,23-Jul-2015,7.5,8.26,7.11,7.75,7200
NWFL,23-Jul-2015,28.51,29.3,28.51,28.6,4900
NWLI,23-Jul-2015,239.4,242,239.4,240.24,3800
NWPX,23-Jul-2015,18.61,18.72,17.63,17.82,97800
NWS,23-Jul-2015,14.25,14.41,14.16,14.41,922000
NWSA,23-Jul-2015,14.59,14.76,14.5,14.72,2878300
NXPI,23-Jul-2015,92.39,94.47,92.01,93,4950500
NXST,23-Jul-2015,59.83,60.28,58.26,58.51,271500
NXTD,23-Jul-2015,21.2,22.5,20.5,21.9,72800
NXTDW,23-Jul-2015,0.64,0.64,0.64,0.64,0
NXTM,23-Jul-2015,14.16,14.33,14.07,14.1,300300
NYMT,23-Jul-2015,7.69,7.69,7.53,7.53,1036900
NYMTO,23-Jul-2015,21.4,21.53,21.15,21.28,97000
NYMTP,23-Jul-2015,22.62,22.83,21.7,22.01,51600
NYMX,23-Jul-2015,1.28,1.35,1.25,1.26,109500
NYNY,23-Jul-2015,26.3,26.8,25.85,25.9,19500
OBAS,23-Jul-2015,7.71,7.71,7.71,7.71,0
OBCI,23-Jul-2015,3.3,3.32,3.25,3.32,1600
OCC,23-Jul-2015,3.45,3.45,3.45,3.45,700
OCFC,23-Jul-2015,18.25,18.4,17.73,17.73,30300
OCLR,23-Jul-2015,2.18,2.22,2.16,2.2,456300
OCLS,23-Jul-2015,7.3,7.5,7.2,7.3,206100
OCLSW,23-Jul-2015,0.37,0.4,0.35,0.39,83900
OCRX,23-Jul-2015,4.48,4.48,4.06,4.07,75500
OCUL,23-Jul-2015,27.52,27.96,26.96,27.82,170800
ODFL,23-Jul-2015,69.18,69.2,67.55,67.67,421400
ODP,23-Jul-2015,8.29,8.31,7.92,7.97,14032600
OESX,23-Jul-2015,2.19,2.2,2.11,2.13,80600
OFED,23-Jul-2015,19.01,19.01,19.01,19.01,0
OFIX,23-Jul-2015,32.7,33.58,31.81,33.25,193700
OFLX,23-Jul-2015,38.46,38.46,34,34.3,8300
OFS,23-Jul-2015,11.7,11.7,11.27,11.29,47700
OGXI,23-Jul-2015,3.1,3.16,2.86,2.98,842700
OHAI,23-Jul-2015,5.49,5.49,5.42,5.48,15300
OHGI,23-Jul-2015,2.74,2.85,2.5,2.5,184300
OHRP,23-Jul-2015,3.33,3.62,3.14,3.44,4519800
OIIM,23-Jul-2015,2.51,2.51,2.44,2.46,21600
OKSB,23-Jul-2015,17.84,17.92,17.51,17.61,61000
OLBK,23-Jul-2015,15.93,15.93,15.75,15.75,24500
OLED,23-Jul-2015,48.11,48.81,47.52,47.63,407700
OLLI,23-Jul-2015,20.88,20.9,20.33,20.37,95300
OMAB,23-Jul-2015,43.54,44.48,43.35,44.25,31400
OMCL,23-Jul-2015,39.9,40.8,39.47,40.13,341200
OMED,23-Jul-2015,21.57,22.15,21.27,21.57,67800
OMER,23-Jul-2015,18.16,18.22,17.02,17.63,400800
OMEX,23-Jul-2015,4.56,4.68,4.44,4.68,163100
ON,23-Jul-2015,10.39,10.7,10.39,10.53,6931200
ONB,23-Jul-2015,14.66,14.78,14.38,14.39,611500
ONCE,23-Jul-2015,69.79,71.75,69,69.77,503100
ONCS,23-Jul-2015,6.14,6.3,6.01,6.24,61000
ONEQ,23-Jul-2015,203.7,205.15,201.76,201.76,12200
ONTX,23-Jul-2015,23.1,23.5,22.5,22.9,47200
ONVI,23-Jul-2015,4.18,4.18,4.18,4.18,0
OPB,23-Jul-2015,37.99,38.08,37.45,37.91,77200
OPGN,23-Jul-2015,4.17,4.17,3.98,3.98,800
OPGNW,23-Jul-2015,0.67,0.67,0.67,0.67,0
OPHC,23-Jul-2015,10.1,10.2,9.7,10.2,8700
OPHT,23-Jul-2015,70.29,71.14,69.04,69.97,306300
OPOF,23-Jul-2015,15.3,15.3,15.11,15.11,600
OPTT,23-Jul-2015,5.4,5.5,5.3,5.4,33900
OPXA,23-Jul-2015,0.47,0.49,0.45,0.48,146300
OPXAW,23-Jul-2015,0.12,0.13,0.12,0.13,44200
ORBC,23-Jul-2015,6.45,6.57,6.3,6.3,169300
ORBK,23-Jul-2015,18.48,18.65,18.26,18.43,160100
OREX,23-Jul-2015,39.7,39.8,36.8,38.2,4848200
ORIG,23-Jul-2015,4.18,4.28,4.05,4.16,702700
ORIT,23-Jul-2015,15.83,15.89,15.4,15.41,272600
ORLY,23-Jul-2015,241.04,244.31,240.03,240.67,541800
ORMP,23-Jul-2015,7.13,7.25,6.82,6.98,99000
ORPN,23-Jul-2015,6.68,6.8,6.56,6.63,7000
ORRF,23-Jul-2015,17.07,17.07,17.07,17.07,100
OSBC,23-Jul-2015,6.7,6.74,6.47,6.54,81200
OSBCP,23-Jul-2015,10.05,10.05,9.95,9.95,4300
OSHC,23-Jul-2015,15.01,15.01,14.9,14.9,10900
OSIR,23-Jul-2015,22.72,22.98,21.91,21.99,107500
OSIS,23-Jul-2015,70.17,70.89,69.6,69.98,138500
OSM,23-Jul-2015,24.02,24.05,23.92,23.94,7600
OSN,23-Jul-2015,3.06,3.06,3,3,10000
OSTK,23-Jul-2015,22.98,23,22.43,22.74,90700
OSUR,23-Jul-2015,5.25,5.35,5.17,5.25,500200
OTEL,23-Jul-2015,4.6,4.64,4.6,4.64,400
OTEX,23-Jul-2015,38.28,38.48,37.93,38.02,375100
OTIC,23-Jul-2015,27.92,29.5,27.3,28.31,200800
OTIV,23-Jul-2015,1.35,1.35,1.24,1.26,116800
OTTR,23-Jul-2015,26.39,26.39,25.55,25.66,72100
OVAS,23-Jul-2015,30.7,31.66,30.27,30.41,528400
OVBC,23-Jul-2015,23,23,23,23,0
OVLY,23-Jul-2015,9.9,9.9,9.9,9.9,1200
OXBR,23-Jul-2015,6.5,6.5,6.31,6.31,2800
OXBRW,23-Jul-2015,0.99,0.99,0.99,0.99,1000
OXFD,23-Jul-2015,13.95,14,13.65,13.66,23900
OXLC,23-Jul-2015,14.35,14.35,14,14.18,58200
OXLCN,23-Jul-2015,25.24,25.27,24.97,24.97,22000
OXLCO,23-Jul-2015,24.09,24.24,23.75,23.98,16300
OZRK,23-Jul-2015,46.49,46.82,45.15,45.24,373800
PAAS,23-Jul-2015,6.73,6.77,6.24,6.34,4487600
PACB,23-Jul-2015,5.39,5.75,5.33,5.69,2981800
PACW,23-Jul-2015,48.04,48.54,47.53,47.6,553200
PAGG,23-Jul-2015,28.94,28.94,28.93,28.93,300
PAHC,23-Jul-2015,38.43,38.43,37.78,37.95,111200
PANL,23-Jul-2015,3.19,3.19,3.19,3.19,100
PARN,23-Jul-2015,4.24,4.35,4.16,4.33,5500
PATI,23-Jul-2015,22.35,22.4,22.16,22.16,3300
PATK,23-Jul-2015,38.64,39,37.67,38.09,68600
PAYX,23-Jul-2015,47.23,47.25,46.59,46.65,1636500
PBCT,23-Jul-2015,16.2,16.47,16.2,16.24,2545500
PBHC,23-Jul-2015,11.56,11.56,11.56,11.56,100
PBIB,23-Jul-2015,1.77,1.79,1.73,1.75,56200
PBIP,23-Jul-2015,15.03,15.1,15.03,15.03,12100
PBMD,23-Jul-2015,1.32,1.42,1.28,1.3,962400
PBPB,23-Jul-2015,13.72,13.95,13.47,13.51,265600
PBSK,23-Jul-2015,15.76,15.77,15.75,15.75,1500
PCAR,23-Jul-2015,65.3,65.75,65.01,65.29,2500200
PCBK,23-Jul-2015,13.93,13.93,13.58,13.63,27900
PCH,23-Jul-2015,34.1,34.36,33.38,33.55,158600
PCLN,23-Jul-2015,1234.05,1238.46,1222.3,1228.96,428600
PCMI,23-Jul-2015,9.45,9.7,9.22,9.52,7500
PCO,23-Jul-2015,1.36,1.41,1.35,1.36,101200
PCOM,23-Jul-2015,10.19,10.19,9.7,9.79,36300
PCRX,23-Jul-2015,62.24,63.33,61.87,62.1,424500
PCTI,23-Jul-2015,6.95,7.04,6.78,6.84,90500
PCTY,23-Jul-2015,37.22,37.68,36.25,36.75,179600
PCYG,23-Jul-2015,13.04,13.04,12.34,12.42,72700
PCYO,23-Jul-2015,4.82,4.82,4.64,4.68,24900
PDBC,23-Jul-2015,18.99,18.99,18.99,18.99,100
PDCE,23-Jul-2015,42.76,43.68,41.17,43.57,1395000
PDCO,23-Jul-2015,49.59,49.65,48.63,48.71,834600
PDEX,23-Jul-2015,2.44,2.44,2.37,2.38,9300
PDFS,23-Jul-2015,12.88,13.32,12.83,12.91,109900
PDLI,23-Jul-2015,6.29,6.29,6.14,6.18,2019000
PDVW,23-Jul-2015,35.21,36.31,33.5,34.1,68500
PEBK,23-Jul-2015,18.25,18.25,18.25,18.25,0
PEBO,23-Jul-2015,23.8,23.84,23.39,23.59,136900
PEGA,23-Jul-2015,23.9,24.18,23.73,23.86,146500
PEGI,23-Jul-2015,23.95,24.82,23.91,24.67,7616900
PEIX,23-Jul-2015,7.8,8.12,7.55,7.69,2181400
PENN,23-Jul-2015,20.04,20.23,18.88,19.04,1653400
PERF,23-Jul-2015,5.6,5.6,5.6,5.6,100
PERI,23-Jul-2015,2.47,2.53,2.41,2.5,57200
PERY,23-Jul-2015,24.18,24.39,23.84,24.05,121100
PESI,23-Jul-2015,3.72,3.75,3.68,3.7,13000
PETS,23-Jul-2015,17.16,17.33,16.87,17.03,183500
PETX,23-Jul-2015,18.68,18.98,18.44,18.94,391200
PFBC,23-Jul-2015,30.5,30.62,30,30.5,42100
PFBI,23-Jul-2015,15.51,15.58,15.43,15.49,7500
PFBX,23-Jul-2015,10.2,10.2,10.16,10.16,400
PFIE,23-Jul-2015,1.06,1.09,1.03,1.04,99900
PFIN,23-Jul-2015,8.69,8.69,8.52,8.52,3200
PFIS,23-Jul-2015,40.46,40.81,39.86,40,3100
PFLT,23-Jul-2015,14.08,14.08,13.91,13.96,49000
PFMT,23-Jul-2015,3.13,3.2,2.99,3.11,105700
PFPT,23-Jul-2015,67.26,69.42,67,67.54,871200
PFSW,23-Jul-2015,13.27,13.35,12.97,13.17,60000
PGC,23-Jul-2015,22.31,22.36,21.69,21.7,26700
PGLC,23-Jul-2015,4.75,4.75,4.15,4.3,119600
PGNX,23-Jul-2015,8.73,9.14,8.6,8.64,1465000
PGTI,23-Jul-2015,15.15,15.6,14.91,15,523300
PHII,23-Jul-2015,31,31,31,31,0
PHIIK,23-Jul-2015,30.1,30.1,28.33,28.47,23900
PHMD,23-Jul-2015,5.4,5.4,5.15,5.15,80600
PICO,23-Jul-2015,13.12,13.15,12.5,12.52,180100
PIH,23-Jul-2015,7.84,7.84,7.84,7.84,200
PINC,23-Jul-2015,36.19,36.42,35.53,35.66,86500
PIRS,23-Jul-2015,2.9,3.09,2.79,2.79,1570400
PKBK,23-Jul-2015,12.7,13,12.7,12.9,3900
PKOH,23-Jul-2015,48,48,45.27,45.57,35500
PLAB,23-Jul-2015,8.44,8.54,8.25,8.31,411600
PLAY,23-Jul-2015,39.4,39.78,38.44,39.08,242200
PLBC,23-Jul-2015,9.56,9.61,9.56,9.58,900
PLCE,23-Jul-2015,62.97,63.24,61.12,61.2,344400
PLKI,23-Jul-2015,59.08,59.61,58.27,58.72,103400
PLPC,23-Jul-2015,36.69,36.7,35.91,35.91,1300
PLPM,23-Jul-2015,2.5,2.5,2.35,2.35,67800
PLUG,23-Jul-2015,2.48,2.48,2.4,2.43,1505100
PLUS,23-Jul-2015,80.5,80.82,79.62,80.15,54800
PLXS,23-Jul-2015,39.1,39.1,36.24,36.79,480500
PMBC,23-Jul-2015,7.5,7.6,7.5,7.6,500
PMD,23-Jul-2015,10.97,11.8,10.97,11.8,44500
PME,23-Jul-2015,1.58,1.58,1.58,1.58,0
PNBK,23-Jul-2015,15.82,16.33,15.82,16.11,1600
PNFP,23-Jul-2015,53.63,55.56,53.63,53.97,167000
PNNT,23-Jul-2015,8.23,8.3,7.86,8.03,786400
PNQI,23-Jul-2015,78.45,78.58,77.66,77.92,14600
PNRA,23-Jul-2015,184.4,185.35,182.89,184.62,506000
PNRG,23-Jul-2015,56.1,56.1,56.1,56.1,200
PNTR,23-Jul-2015,6.73,6.77,6.68,6.71,2900
PODD,23-Jul-2015,31.96,32.13,31.55,31.56,326500
POOL,23-Jul-2015,69.02,71.34,68.78,69,462000
POPE,23-Jul-2015,68,68,68,68,0
POWI,23-Jul-2015,38.96,39.99,38.79,39.63,250500
POWL,23-Jul-2015,32.5,32.55,30.99,31.08,70700
PPBI,23-Jul-2015,17.9,18.12,17.71,18.02,110800
PPC,23-Jul-2015,20.5,20.57,19.96,19.99,2026700
PPHM,23-Jul-2015,1.27,1.35,1.26,1.29,1523200
PPHMP,23-Jul-2015,22.82,22.9,22.82,22.9,3200
PPSI,23-Jul-2015,6.4,6.4,6.35,6.39,900
PRAA,23-Jul-2015,63,63.31,62.56,62.96,274000
PRAH,23-Jul-2015,40.35,40.61,39.81,40.04,115200
PRAN,23-Jul-2015,7.08,7.38,7.08,7.2,90200
PRCP,23-Jul-2015,9.69,9.69,9.48,9.49,26900
PRFT,23-Jul-2015,16.26,16.3,16.02,16.03,100200
PRFZ,23-Jul-2015,102.59,102.62,101.12,101.19,24300
PRGS,23-Jul-2015,29.69,29.93,29.59,29.67,291200
PRGX,23-Jul-2015,3.6,3.63,3.41,3.44,157400
PRIM,23-Jul-2015,17.42,17.43,16.8,16.8,288400
PRKR,23-Jul-2015,4.2,4.2,3.8,4,229600
PRMW,23-Jul-2015,5.99,6.15,5.91,6.11,57600
PROV,23-Jul-2015,16,16.08,15.98,15.98,700
PRPH,23-Jul-2015,1.46,1.47,1.41,1.47,8700
PRQR,23-Jul-2015,17.92,17.97,17.04,17.97,47900
PRSC,23-Jul-2015,45.6,46.19,45.36,45.99,75000
PRSS,23-Jul-2015,4.47,4.53,4.36,4.4,10500
PRTA,23-Jul-2015,67.88,68.89,65.87,66.8,431900
PRTK,23-Jul-2015,26.37,26.77,25.62,25.84,47000
PRTO,23-Jul-2015,18.86,18.86,17.94,17.94,13000
PRTS,23-Jul-2015,2.29,2.34,2.24,2.3,47000
PRXL,23-Jul-2015,66.21,66.59,65.66,66.05,325200
PSAU,23-Jul-2015,12.4,12.4,11.94,11.94,24900
PSCC,23-Jul-2015,55.7,55.7,55.02,55.02,1200
PSCD,23-Jul-2015,55.12,55.12,53.92,53.99,7300
PSCE,23-Jul-2015,21.21,21.41,20.68,21.28,13100
PSCF,23-Jul-2015,43.61,43.75,43.06,43.06,6100
PSCH,23-Jul-2015,74.75,75.07,73.89,74,19500
PSCI,23-Jul-2015,46.75,46.81,46.24,46.24,2000
PSCM,23-Jul-2015,37,37,36.98,36.98,300
PSCT,23-Jul-2015,51.08,51.61,50.78,50.79,16700
PSCU,23-Jul-2015,37.2,37.35,37,37.03,1900
PSDV,23-Jul-2015,4.07,4.15,4.05,4.09,80300
PSEC,23-Jul-2015,7.38,7.39,7.28,7.31,2688400
PSIX,23-Jul-2015,49.6,49.8,45.25,45.38,200700
PSMT,23-Jul-2015,102.86,103.59,101.17,101.26,209200
PSTB,23-Jul-2015,7.29,7.39,7.23,7.24,108900
PSTI,23-Jul-2015,2.3,2.32,2.28,2.3,152300
PTC,23-Jul-2015,39.14,39.48,38.57,38.63,678000
PTCT,23-Jul-2015,59.45,60.76,58.86,59.88,610000
PTEN,23-Jul-2015,16.76,18.3,16.49,17.13,6429100
PTIE,23-Jul-2015,1.74,1.74,1.7,1.72,121200
PTLA,23-Jul-2015,52.76,53.73,52.14,52.58,227000
PTNR,23-Jul-2015,3.92,3.92,3.68,3.73,48100
PTSI,23-Jul-2015,59.56,60.93,57.34,57.6,21400
PTX,23-Jul-2015,5.43,5.52,5.29,5.36,594300
PTXP,23-Jul-2015,17.52,18.05,17.02,17.34,67600
PUB,23-Jul-2015,16.85,16.95,16.82,16.86,8800
PULM,23-Jul-2015,6.4,6.4,5.75,5.98,30800
PVBC,23-Jul-2015,12.85,12.85,12.76,12.76,65900
PVTB,23-Jul-2015,42.69,42.87,41.86,42.07,582100
PVTBP,23-Jul-2015,26.7,26.7,26.11,26.15,6300
PWOD,23-Jul-2015,44.2,44.63,43.36,44.06,4800
PWX,23-Jul-2015,16.9,16.9,16.32,16.32,1000
PXLW,23-Jul-2015,5.27,5.43,5.16,5.22,153700
PYPL,23-Jul-2015,38.74,38.75,36.93,37.01,19250100
PZZA,23-Jul-2015,76.62,76.95,74.88,75.04,239900
QABA,23-Jul-2015,40.81,40.81,39.95,40.03,24000
QADA,23-Jul-2015,27.53,27.54,27.07,27.31,35500
QADB,23-Jul-2015,21.85,21.85,21.85,21.85,200
QAT,23-Jul-2015,22.4,22.4,22.25,22.25,400
QBAK,23-Jul-2015,7.08,7.08,7.08,7.08,0
QCLN,23-Jul-2015,17.17,17.45,17.15,17.15,12900
QCOM,23-Jul-2015,62.57,62.78,60.83,61.78,37879700
QCRH,23-Jul-2015,22.63,22.8,22.04,22.37,33100
QDEL,23-Jul-2015,24.09,24.51,23.24,23.66,457000
QGEN,23-Jul-2015,27.74,27.83,27.57,27.65,563600
QINC,23-Jul-2015,21.2,21.22,21.2,21.22,10400
QIWI,23-Jul-2015,28.5,28.92,27.44,27.94,242400
QLTI,23-Jul-2015,4.04,4.04,3.93,4.01,72400
QLYS,23-Jul-2015,37.2,39.68,36.91,39.03,927100
QNST,23-Jul-2015,6.42,6.5,6.25,6.3,49600
QPAC,23-Jul-2015,9.85,9.85,9.85,9.85,0
QPACU,23-Jul-2015,10.35,10.35,10.35,10.35,19300
QQEW,23-Jul-2015,45.59,45.59,44.69,44.76,308000
QQQ,23-Jul-2015,112.72,113.1,111.91,112.2,25698200
QQQC,23-Jul-2015,24.36,24.55,24.19,24.43,3200
QQQX,23-Jul-2015,19.19,19.35,19.11,19.2,137700
QQXT,23-Jul-2015,43.51,43.59,43.28,43.32,26400
QRHC,23-Jul-2015,7.76,7.92,7.52,7.52,9300
QRVO,23-Jul-2015,74.71,77.22,74.44,75.24,1777300
QSII,23-Jul-2015,16.54,16.54,13.4,13.47,2727700
QTEC,23-Jul-2015,42.55,43.04,42.43,42.6,59600
QTNT,23-Jul-2015,15.62,15.75,15.62,15.75,1000
QUIK,23-Jul-2015,1.42,1.47,1.3,1.33,356300
QUMU,23-Jul-2015,7.37,7.53,6.86,6.98,88000
QUNR,23-Jul-2015,44.08,44.92,43.1,43.74,1423500
QURE,23-Jul-2015,28.5,29.44,27.97,28.31,233700
QVCA,23-Jul-2015,28.69,29.04,28.57,28.84,1604200
QVCB,23-Jul-2015,28.32,28.32,28.32,28.32,0
QYLD,23-Jul-2015,23.84,23.88,23.74,23.74,3400
RADA,23-Jul-2015,3.76,3.86,3.76,3.76,33900
RAIL,23-Jul-2015,19.2,19.3,18.21,18.42,290700
RAND,23-Jul-2015,3.94,4.09,3.94,4.08,800
RARE,23-Jul-2015,131.85,134.67,131.01,133.38,473500
RAVE,23-Jul-2015,12.92,13.11,12.55,12.77,32900
RAVN,23-Jul-2015,19.49,19.49,18.94,19.17,156700
RBCAA,23-Jul-2015,26.29,26.34,25.69,25.69,17900
RBCN,23-Jul-2015,2,2.04,1.9,1.97,203100
RBPAA,23-Jul-2015,1.98,2.03,1.94,1.95,18400
RCII,23-Jul-2015,28.63,28.66,28.35,28.4,702600
RCKY,23-Jul-2015,18.51,18.9,17.02,17.07,175700
RCMT,23-Jul-2015,5.49,5.64,5.49,5.55,5900
RCON,23-Jul-2015,1.59,1.7,1.59,1.69,24000
RDCM,23-Jul-2015,9.79,10.3,9.75,10.15,51600
RDHL,23-Jul-2015,17.36,17.48,16.61,16.66,120200
RDI,23-Jul-2015,12.74,12.91,12.25,12.33,197600
RDIB,23-Jul-2015,12.13,13.66,12.13,13.66,300
RDNT,23-Jul-2015,6.7,6.7,6.42,6.42,230400
RDUS,23-Jul-2015,74.99,76.9,73.25,76.08,3027600
RDVY,23-Jul-2015,22.42,22.42,22.42,22.42,200
RDWR,23-Jul-2015,20.58,21.43,20.56,21.07,555800
RECN,23-Jul-2015,15.15,15.24,14.96,15.03,121900
REFR,23-Jul-2015,5.45,5.54,5.45,5.52,4900
REGI,23-Jul-2015,10.77,10.83,10.5,10.63,314900
REGN,23-Jul-2015,558.19,559.78,553.14,556.61,492400
REIS,23-Jul-2015,24.9,25.06,24.5,24.58,17300
RELL,23-Jul-2015,7.57,7.6,7.07,7.09,42600
RELV,23-Jul-2015,8.4,8.89,8.4,8.89,12600
RELY,23-Jul-2015,12.62,12.8,12.48,12.61,119600
REPH,23-Jul-2015,16.07,16.26,14.76,15.24,110000
RESN,23-Jul-2015,3.49,3.49,3.39,3.45,13200
REXX,23-Jul-2015,2.68,2.73,2.51,2.6,3436800
RFIL,23-Jul-2015,4.39,4.4,4.39,4.39,2100
RGCO,23-Jul-2015,20.7,20.7,20.49,20.49,300
RGEN,23-Jul-2015,38.4,38.6,37.32,37.53,262900
RGLD,23-Jul-2015,51.34,51.9,48.66,49.14,956100
RGLS,23-Jul-2015,9.59,9.72,9.29,9.3,540900
RGSE,23-Jul-2015,30,33.4,29,30,971800
RIBT,23-Jul-2015,3.3,3.32,3.2,3.21,9400
RIBTW,23-Jul-2015,1,1,0.75,0.97,7000
RICK,23-Jul-2015,11.52,11.82,11.4,11.67,23100
RIGL,23-Jul-2015,3.15,3.2,3.02,3.02,237400
RILY,23-Jul-2015,9.75,9.75,9.75,9.75,0
RKDA,23-Jul-2015,4.38,4.63,4.38,4.58,58500
RLJE,23-Jul-2015,1.26,1.26,1.08,1.17,20200
RLOG,23-Jul-2015,3.11,3.12,3.06,3.06,27900
RMBS,23-Jul-2015,13.21,13.54,13.12,13.36,1048000
RMCF,23-Jul-2015,12.95,12.95,12.63,12.64,13300
RMGN,23-Jul-2015,0.98,0.98,0.94,0.94,6000
RMTI,23-Jul-2015,16.55,16.9,15.97,15.99,655500
RNET,23-Jul-2015,26.23,26.74,25.87,26.38,106600
RNST,23-Jul-2015,33.44,33.57,32.71,32.74,223900
RNWK,23-Jul-2015,5.1,5.12,4.72,4.76,117300
ROBO,23-Jul-2015,25.56,25.56,25.35,25.37,23600
ROCK,23-Jul-2015,20.23,20.27,19.58,19.65,89300
ROIA,23-Jul-2015,2.91,2.91,2.74,2.78,3000
ROIAK,23-Jul-2015,2.96,3,2.69,2.73,92800
ROIC,23-Jul-2015,16.9,16.9,16.53,16.63,497700
ROKA,23-Jul-2015,33.4,36.2,32.8,35.1,69700
ROLL,23-Jul-2015,68.2,68.64,67.39,67.49,96800
ROSG,23-Jul-2015,3.21,3.3,3.14,3.15,75600
ROST,23-Jul-2015,53.29,53.43,52.79,52.89,1167800
RP,23-Jul-2015,19.39,19.48,18.93,19.01,159400
RPD,23-Jul-2015,24.7,24.85,23.92,24.1,459300
RPRX,23-Jul-2015,7.31,7.49,7.26,7.34,163800
RPTP,23-Jul-2015,14.94,15.04,14.53,14.58,621300
RPXC,23-Jul-2015,16.11,16.51,16.11,16.36,329400
RRGB,23-Jul-2015,92.44,92.44,89.12,89.58,204900
RSTI,23-Jul-2015,25.56,25.86,25.25,25.56,100400
RSYS,23-Jul-2015,2.59,2.74,2.59,2.68,99500
RTIX,23-Jul-2015,6.83,6.84,6.66,6.74,270200
RTK,23-Jul-2015,0.89,0.91,0.85,0.89,592800
RTRX,23-Jul-2015,35.06,35.21,34.09,34.18,279100
RTTR,23-Jul-2015,3.8,4.45,3.56,4.41,281400
RUSHA,23-Jul-2015,25.05,25.07,23.9,24.04,472600
RUSHB,23-Jul-2015,23.3,23.3,21.95,22.14,86400
RUTH,23-Jul-2015,16.41,16.41,15.9,15.96,131600
RVLT,23-Jul-2015,11.5,11.9,11.2,11.3,184400
RVNC,23-Jul-2015,31.27,32.26,31.27,32,120800
RVSB,23-Jul-2015,4.25,4.36,4.19,4.23,2400
RWLK,23-Jul-2015,10.28,10.48,10.26,10.35,42500
RXDX,23-Jul-2015,16.29,16.58,15.58,15.6,189200
RXII,23-Jul-2015,4.6,4.8,4.6,4.8,296900
RYAAY,23-Jul-2015,73.81,74.3,73.23,73.61,339500
SAAS,23-Jul-2015,8.83,9.05,8.8,8.95,481000
SABR,23-Jul-2015,25.79,25.95,25.38,25.54,504600
SAEX,23-Jul-2015,465.75,469.8,464.4,469.8,1900
SAFM,23-Jul-2015,67.61,68.1,67.05,67.93,412100
SAFT,23-Jul-2015,58.91,58.99,57.63,57.72,38700
SAGE,23-Jul-2015,76.99,77.41,74.16,75.18,220400
SAIA,23-Jul-2015,38.88,39.39,38.3,38.35,130200
SAJA,23-Jul-2015,5.89,5.9,5.61,5.61,5500
SAL,23-Jul-2015,30.15,30.15,30.15,30.15,0
SALE,23-Jul-2015,16.76,16.85,16.56,16.6,286600
SALM,23-Jul-2015,6.42,6.64,6.3,6.48,61100
SAMG,23-Jul-2015,12.12,12.12,11.75,11.83,21400
SANM,23-Jul-2015,21.7,22.05,21.47,21.54,901900
SANW,23-Jul-2015,4.83,4.97,4.65,4.69,35500
SASR,23-Jul-2015,28.28,28.42,27.65,27.71,25900
SATS,23-Jul-2015,46.56,46.82,46.31,46.54,84400
SAVE,23-Jul-2015,62.1,62.11,60.65,61.37,1594900
SBAC,23-Jul-2015,116.29,119.72,116.04,119.34,1542500
SBBX,23-Jul-2015,12.2,12.2,12.06,12.06,1400
SBCF,23-Jul-2015,15.76,15.76,15.24,15.47,175500
SBCP,23-Jul-2015,14.67,14.77,14.62,14.62,23200
SBFG,23-Jul-2015,10.62,10.62,10.62,10.62,300
SBFGP,23-Jul-2015,16,16,12.31,12.31,1800
SBGI,23-Jul-2015,29.05,29.21,28.11,28.34,596900
SBLK,23-Jul-2015,15.85,16.25,15.25,15.35,389300
SBLKL,23-Jul-2015,21.44,21.44,20.7,20.7,1500
SBNY,23-Jul-2015,149.73,151.83,149.08,149.54,426400
SBNYW,23-Jul-2015,118.59,118.59,118.59,118.59,0
SBRA,23-Jul-2015,27.33,27.33,26.77,26.93,628400
SBRAP,23-Jul-2015,25.37,25.68,25.35,25.45,19700
SBSA,23-Jul-2015,6.5,6.83,6.49,6.61,2000
SBSI,23-Jul-2015,29.26,29.43,28.15,28.29,98500
SBUX,23-Jul-2015,56.98,57,56.16,56.56,12439200
SCAI,23-Jul-2015,40.03,40.44,38.82,39.08,100500
SCHL,23-Jul-2015,44.3,45.09,42.74,43.05,218900
SCHN,23-Jul-2015,17,17.3,16.46,16.56,733300
SCLN,23-Jul-2015,9.85,9.87,9.61,9.67,484900
SCMP,23-Jul-2015,20.93,21,19.42,19.6,783900
SCON,23-Jul-2015,20.25,21,19.5,19.95,514600
SCOR,23-Jul-2015,58.1,58.7,57.16,57.27,127300
SCSC,23-Jul-2015,37.6,38.15,37.22,37.31,101400
SCSS,23-Jul-2015,27.85,27.99,25.17,25.56,3921400
SCTY,23-Jul-2015,55.49,56.1,53.35,53.67,1888200
SCVL,23-Jul-2015,28.09,28.09,27.28,27.39,126000
SCYX,23-Jul-2015,8.52,8.75,8.5,8.75,136400
SEAC,23-Jul-2015,7.46,7.48,7.37,7.45,217500
SEDG,23-Jul-2015,29.15,30.88,29.06,29.11,753100
SEED,23-Jul-2015,1.56,1.62,1.52,1.59,113400
SEIC,23-Jul-2015,53.3,54.19,52.44,52.49,1205900
SEMI,23-Jul-2015,14.93,15.05,14.45,14.74,351800
SENEA,23-Jul-2015,29.78,30.32,29.68,30,27600
SENEB,23-Jul-2015,32,32,32,32,0
SEV,23-Jul-2015,9.38,9.38,9.38,9.38,100
SFBC,23-Jul-2015,20.03,20.05,20.03,20.05,1900
SFBS,23-Jul-2015,39.54,39.63,38.5,38.85,43400
SFLY,23-Jul-2015,47.99,48.67,47.37,47.63,601000
SFM,23-Jul-2015,24.48,24.59,24.19,24.3,1686600
SFNC,23-Jul-2015,47.84,48.39,46.54,46.63,101900
SFST,23-Jul-2015,20,21.1,20,21.1,1800
SGBK,23-Jul-2015,31,31,30.1,30.21,53000
SGC,23-Jul-2015,18.49,18.75,16.55,16.65,157200
SGEN,23-Jul-2015,51.25,51.66,50.65,50.81,424300
SGI,23-Jul-2015,5.31,5.35,5.2,5.25,247800
SGMA,23-Jul-2015,7.56,7.63,7.2,7.22,28100
SGMO,23-Jul-2015,9.63,9.65,8.78,8.83,2098000
SGMS,23-Jul-2015,16.34,16.51,15.83,15.85,923200
SGNL,23-Jul-2015,23.55,26.4,23.25,24.6,264200
SGOC,23-Jul-2015,2.4,2.4,2.4,2.4,5100
SGRP,23-Jul-2015,1.49,1.49,1.49,1.49,3100
SGYP,23-Jul-2015,8.57,8.98,8.37,8.42,3416200
SGYPW,23-Jul-2015,4.24,4.4,4,4.14,11700
SHBI,23-Jul-2015,9.36,9.64,9.35,9.64,2400
SHEN,23-Jul-2015,16.69,17.035,16.59,16.735,45000
SHIP,23-Jul-2015,5.7,5.7,4.6,5.2,97900
SHLD,23-Jul-2015,22.18,22.37,21.81,22.08,675600
SHLDW,23-Jul-2015,12.2,12.7,12.2,12.7,5600
SHLM,23-Jul-2015,38.26,38.26,36.85,37.04,117500
SHLO,23-Jul-2015,12.44,12.49,12.2,12.4,68200
SHOO,23-Jul-2015,42.41,42.41,41.23,41.36,589600
SHOR,23-Jul-2015,6.99,7.06,6.89,6.89,255500
SHOS,23-Jul-2015,9.37,9.4,8.67,8.72,170300
SHPG,23-Jul-2015,251.02,263.87,249.72,261.24,1845100
SIEB,23-Jul-2015,1.52,1.75,1.48,1.72,69900
SIEN,23-Jul-2015,25.26,25.48,23.76,24.12,36500
SIFI,23-Jul-2015,11.76,11.85,11.76,11.79,6400
SIFY,23-Jul-2015,1.5,1.51,1.4,1.43,31300
SIGI,23-Jul-2015,30.19,30.19,29.65,29.8,136100
SIGM,23-Jul-2015,10.99,11.35,10.94,11.06,423900
SILC,23-Jul-2015,27.15,27.32,26.73,26.73,8300
SIMO,23-Jul-2015,29.38,30.4,29.21,29.72,445900
SINA,23-Jul-2015,42.83,45.04,42.78,44.18,2271800
SINO,23-Jul-2015,1.43,1.44,1.41,1.41,2700
SIRI,23-Jul-2015,3.86,3.89,3.85,3.88,57607400
SIVB,23-Jul-2015,149.75,152.99,148.11,148.79,366100
SIVBO,23-Jul-2015,25.85,25.93,25.52,25.93,1100
SKIS,23-Jul-2015,6.86,6.89,6.81,6.81,4500
SKOR,23-Jul-2015,50.06,50.06,50.06,50.06,0
SKYS,23-Jul-2015,7.67,8.37,7.67,8.2,1900
SKYW,23-Jul-2015,15.46,15.76,14.81,14.93,454200
SKYY,23-Jul-2015,30.52,30.65,30.29,30.36,71800
SLAB,23-Jul-2015,50.44,51.83,50.38,50.85,253500
SLCT,23-Jul-2015,7.06,7.19,7.06,7.19,1800
SLGN,23-Jul-2015,52.95,53.06,52.16,52.36,173900
SLM,23-Jul-2015,9.69,9.86,9.17,9.3,11425300
SLMAP,23-Jul-2015,48.74,48.9,48.59,48.9,400
SLMBP,23-Jul-2015,56.9,56.9,56.9,56.9,0
SLP,23-Jul-2015,6.66,6.78,6.44,6.5,40800
SLRC,23-Jul-2015,18.14,18.23,17.9,17.92,177400
SLVO,23-Jul-2015,10.13,10.15,10.01,10.04,36000
SMBC,23-Jul-2015,19.19,19.19,19.07,19.07,200
SMCI,23-Jul-2015,25.45,26.4,25.3,25.76,618000
SMCP,23-Jul-2015,25.49,25.49,25.07,25.07,1400
SMED,23-Jul-2015,6.62,6.62,6.25,6.43,53000
SMIT,23-Jul-2015,2.72,2.74,2.72,2.72,2600
SMMF,23-Jul-2015,11.35,11.37,11.3,11.34,2600
SMMT,23-Jul-2015,12.37,12.75,12.1,12.41,18000
SMRT,23-Jul-2015,10.15,10.2,10.02,10.05,161500
SMSI,23-Jul-2015,4.76,5.2,4.72,5.04,454800
SMTC,23-Jul-2015,17.9,18.4,17.9,18.17,509600
SMTX,23-Jul-2015,1.7,1.7,1.65,1.65,3600
SNAK,23-Jul-2015,10.38,10.42,10.01,10.14,111800
SNBC,23-Jul-2015,20.96,21,20.59,20.82,10600
SNC,23-Jul-2015,10.9,10.9,10.75,10.75,27300
SNCR,23-Jul-2015,47.87,48.13,46.59,46.63,227800
SNFCA,23-Jul-2015,7.48,7.49,7.17,7.33,14000
SNHY,23-Jul-2015,37.03,37.14,36.01,36.04,63400
SNMX,23-Jul-2015,5.66,5.67,5.33,5.36,150300
SNPS,23-Jul-2015,50.6,50.89,50.29,50.43,482700
SNSS,23-Jul-2015,21.3,21.36,20.82,20.82,1590700
SOCL,23-Jul-2015,19.98,20.11,19.9,19.95,11100
SODA,23-Jul-2015,18.51,18.89,18.4,18.76,329800
SOFO,23-Jul-2015,6.32,6.32,6.3,6.31,800
SOHO,23-Jul-2015,7.23,7.36,7.1,7.11,43700
SOHOM,23-Jul-2015,26.34,26.34,26.34,26.34,0
SOHU,23-Jul-2015,46.43,47.63,45.94,46.2,562700
SONA,23-Jul-2015,11.45,11.74,11.42,11.6,6700
SONC,23-Jul-2015,29.8,29.84,29.16,29.22,1006600
SONS,23-Jul-2015,6.19,6.26,6.16,6.22,486300
SORL,23-Jul-2015,2.92,3,2.92,2.96,10800
SOXX,23-Jul-2015,87.92,89.78,87.92,88.73,379800
SP,23-Jul-2015,25.79,26.11,25.5,25.7,42400
SPAN,23-Jul-2015,17.15,17.15,17,17,6100
SPAR,23-Jul-2015,4.28,4.38,4.24,4.28,132400
SPCB,23-Jul-2015,11.63,11.98,11.34,11.34,150000
SPEX,23-Jul-2015,3.8,4.18,3.8,3.99,500600
SPHS,23-Jul-2015,0.79,0.84,0.76,0.77,100700
SPIL,23-Jul-2015,6.21,6.27,6.11,6.19,1206600
SPKE,23-Jul-2015,16.63,16.67,16.02,16.17,17700
SPLK,23-Jul-2015,73.75,76.29,73.35,74.82,1820100
SPLS,23-Jul-2015,14.85,14.86,14.37,14.44,9708200
SPNC,23-Jul-2015,25.79,25.91,24.76,24.83,915500
SPNE,23-Jul-2015,16.79,17.5,16.41,16.75,116400
SPNS,23-Jul-2015,10.96,10.96,10.45,10.48,84000
SPOK,23-Jul-2015,15.98,16.12,15.73,15.8,53600
SPPI,23-Jul-2015,7.33,7.35,7.11,7.13,468000
SPRT,23-Jul-2015,1.38,1.4,1.36,1.39,87900
SPSC,23-Jul-2015,75.33,75.33,71.84,72.32,128800
SPTN,23-Jul-2015,31.83,31.83,30.99,31.16,128000
SPU,23-Jul-2015,1.18,1.19,1.18,1.18,2500
SPWH,23-Jul-2015,12.55,12.65,11.91,11.94,278400
SPWR,23-Jul-2015,25.95,26.29,25.58,25.63,1350900
SQBG,23-Jul-2015,17.45,17.48,17.02,17.16,52900
SQQQ,23-Jul-2015,21.07,21.54,20.88,21.38,5053500
SRCE,23-Jul-2015,34.99,35.11,34.09,34.35,40000
SRCL,23-Jul-2015,133.12,134.07,132.5,132.63,783800
SRDX,23-Jul-2015,24.28,24.37,23.69,23.78,35800
SRET,23-Jul-2015,14.18,14.18,14,14,13800
SREV,23-Jul-2015,5.45,5.59,5.24,5.29,399400
SRNE,23-Jul-2015,24.51,26.8,23.72,24.31,1340900
SRPT,23-Jul-2015,33.76,34.35,33.09,33.35,766900
SRSC,23-Jul-2015,5.58,5.73,5.57,5.68,6300
SSB,23-Jul-2015,79.19,79.37,77.32,77.62,97300
SSBI,23-Jul-2015,13.35,13.35,13.35,13.35,0
SSFN,23-Jul-2015,5.85,6.24,5.5,6.23,8400
SSH,23-Jul-2015,3.32,3.32,3.12,3.12,115600
SSNC,23-Jul-2015,65.49,65.52,64.55,64.61,395000
SSRI,23-Jul-2015,5.77,5.79,5.29,5.33,1963300
SSYS,23-Jul-2015,32.79,33.71,32.79,33.63,1016700
STAA,23-Jul-2015,9.43,9.44,9.22,9.23,61200
STB,23-Jul-2015,4.61,4.64,4.52,4.54,128100
STBA,23-Jul-2015,32.5,32.5,31.63,31.81,129900
STBZ,23-Jul-2015,22.3,22.44,21.27,21.74,275200
STDY,23-Jul-2015,5.59,5.8,5.45,5.74,21600
STEM,23-Jul-2015,6.12,6.24,5.76,5.88,1398400
STFC,23-Jul-2015,26.98,27.18,26.14,26.3,43400
STKL,23-Jul-2015,10.2,10.24,10.03,10.07,61600
STKS,23-Jul-2015,4.15,4.19,4.07,4.15,4000
STLD,23-Jul-2015,19.86,20.03,19.49,19.58,2186900
STLY,23-Jul-2015,2.96,2.96,2.9,2.93,5500
STML,23-Jul-2015,12.7,12.7,12.17,12.18,68000
STMP,23-Jul-2015,76.23,76.26,74.33,74.76,156400
STPP,23-Jul-2015,37.22,37.22,37.22,37.22,200
STRA,23-Jul-2015,46.41,46.56,44.26,44.4,99000
STRL,23-Jul-2015,4.27,4.35,4.18,4.25,109700
STRM,23-Jul-2015,2.53,2.79,2.53,2.68,10900
STRS,23-Jul-2015,14.95,15.25,14.94,15.12,1000
STRT,23-Jul-2015,77.95,78.79,76.33,76.67,11700
STRZA,23-Jul-2015,45,45.11,44.39,44.44,446100
STRZB,23-Jul-2015,44.29,44.39,44.23,44.32,4100
STX,23-Jul-2015,47.33,49.2,46.76,48.01,8724200
SUMR,23-Jul-2015,2.11,2.3,2.09,2.15,54000
SUNS,23-Jul-2015,15.64,15.64,15.38,15.48,21900
SUPN,23-Jul-2015,20.15,20.59,19.86,19.98,497300
SVA,23-Jul-2015,5.28,5.41,5.28,5.33,69200
SVBI,23-Jul-2015,4.8,4.8,4.8,4.8,100
SVVC,23-Jul-2015,12.17,12.2,11.74,11.96,56500
SWHC,23-Jul-2015,16.38,16.38,16.11,16.27,599100
SWIR,23-Jul-2015,24.47,25.36,24.14,24.34,408500
SWKS,23-Jul-2015,102.49,105,100.5,103.12,5896500
SYBT,23-Jul-2015,25.5467,25.5467,24.4333,24.8,47600
SYKE,23-Jul-2015,24.86,24.86,24.23,24.26,74900
SYMC,23-Jul-2015,23.03,23.42,23.01,23.22,2764500
SYMX,23-Jul-2015,1.3,1.3,1.25,1.27,249100
SYNA,23-Jul-2015,80.84,82.33,79.87,80.74,983800
SYNC,23-Jul-2015,1.59,1.62,1.59,1.59,13000
SYNL,23-Jul-2015,12.65,13.38,11.77,12.04,12800
SYNT,23-Jul-2015,45.9,49.11,44.29,45.39,871500
SYPR,23-Jul-2015,1.45,1.45,1.37,1.37,2200
SYRX,23-Jul-2015,1.84,1.9,1.75,1.81,45600
SYUT,23-Jul-2015,6.63,6.64,6.48,6.52,123600
TACO,23-Jul-2015,15.68,15.96,15.65,15.86,93800
TACOW,23-Jul-2015,5.95,6,5.77,5.77,29900
TACT,23-Jul-2015,7.97,8.01,7.75,7.76,24400
TAIT,23-Jul-2015,0.97,1.01,0.96,1.01,3400
TANH,23-Jul-2015,18.63,22.42,18.63,22.06,106800
TAPR,23-Jul-2015,36.44,36.44,34.88,34.88,2800
TASR,23-Jul-2015,32.22,32.53,31.62,31.71,1167900
TAST,23-Jul-2015,10.75,10.8,10.5,10.56,124700
TATT,23-Jul-2015,6.6,6.6,6.57,6.57,1100
TAX,23-Jul-2015,24.83,25.91,24.39,25.7,125600
TAYD,23-Jul-2015,12.56,12.69,12.56,12.59,1000
TBBK,23-Jul-2015,9.45,9.46,9.09,9.14,90900
TBIO,23-Jul-2015,1.61,1.68,1.5,1.52,217600
TBK,23-Jul-2015,12.81,12.92,12.61,12.67,38200
TBNK,23-Jul-2015,25.12,25.3,24.57,24.69,16900
TBPH,23-Jul-2015,12.56,12.71,12.35,12.53,83300
TBRA,23-Jul-2015,16.09,16.1,14.54,14.59,69600
TCBI,23-Jul-2015,59.55,61.15,58.33,59.56,1441800
TCBIL,23-Jul-2015,24.83,24.84,24.8,24.8,5300
TCBIP,23-Jul-2015,25.15,25.15,25.04,25.12,7100
TCBK,23-Jul-2015,24.24,24.25,23.56,23.66,41300
TCCO,23-Jul-2015,3.59,3.59,3.59,3.59,0
TCFC,23-Jul-2015,20.83,20.85,20,20.6,10800
TCON,23-Jul-2015,13.24,13.97,12.9,13.02,69300
TCPC,23-Jul-2015,15.57,15.73,15.19,15.21,178700
TCRD,23-Jul-2015,11.42,11.49,11.31,11.36,72600
TCX,23-Jul-2015,30.87,31.81,30.52,30.76,107200
TDIV,23-Jul-2015,25.9,26.1,25.86,25.9,193800
TEAR,23-Jul-2015,2.31,2.42,2.25,2.25,29600
TECD,23-Jul-2015,56.46,57.19,55.86,56.03,314300
TECH,23-Jul-2015,107.71,107.97,106.55,107.48,258700
TEDU,23-Jul-2015,11.96,12.55,11.96,12.41,154700
TENX,23-Jul-2015,3.73,3.78,3.73,3.77,23700
TERP,23-Jul-2015,32.3,32.74,31.34,31.9,3236700
TESO,23-Jul-2015,9.21,9.4,9.03,9.29,279300
TESS,23-Jul-2015,22.82,22.91,21.5,22.53,50300
TFSL,23-Jul-2015,16.8,16.89,16.62,16.65,209800
TGA,23-Jul-2015,3.13,3.2,2.93,2.93,248100
TGEN,23-Jul-2015,4.16,4.16,4.14,4.14,800
TGLS,23-Jul-2015,13.2,13.2,12.91,12.92,6000
TGTX,23-Jul-2015,18.07,18.46,17.96,18.31,527000
THFF,23-Jul-2015,35.44,35.44,34.26,34.32,14000
THLD,23-Jul-2015,4.24,4.34,4.16,4.16,284900
THRM,23-Jul-2015,49.75,51.65,49.66,50.42,433600
THST,23-Jul-2015,2.52,2.57,2.5,2.57,6200
TICC,23-Jul-2015,6.33,6.49,6.3,6.33,418000
TIL,23-Jul-2015,4.05,4.05,4.01,4.01,900
TILE,23-Jul-2015,24.44,24.47,23.94,23.98,399200
TINY,23-Jul-2015,2.85,2.87,2.72,2.74,34900
TIPT,23-Jul-2015,6.47,6.53,6.38,6.38,27800
TISA,23-Jul-2015,3.55,3.55,3.49,3.51,6700
TITN,23-Jul-2015,15.79,15.82,15.25,15.47,203800
TIVO,23-Jul-2015,10.1,10.18,9.98,9.98,1799800
TKAI,23-Jul-2015,13.64,13.82,13.51,13.68,105600
TLF,23-Jul-2015,8.31,8.31,8.15,8.3,9400
TLOG,23-Jul-2015,2.5,2.61,2.5,2.56,96800
TLT,23-Jul-2015,119.64,121.2,119.45,121.09,9087700
TNAV,23-Jul-2015,6.99,7.23,6.85,6.87,232400
TNDM,23-Jul-2015,11.7,11.84,11.39,11.41,102900
TNGO,23-Jul-2015,11.47,11.74,11.35,11.5,116300
TNXP,23-Jul-2015,9.04,9.28,8.52,8.62,227300
TOPS,23-Jul-2015,11.4,11.7,11.1,11.3,14400
TORM,23-Jul-2015,5.8,5.9,5.79,5.9,4500
TOUR,23-Jul-2015,15.95,16.5,15.95,16.17,333600
TOWN,23-Jul-2015,16.86,16.99,16.5,16.62,48300
TQQQ,23-Jul-2015,123.24,124.38,120.5,121.41,2016300
TRCB,23-Jul-2015,9.05,9.24,9,9.24,2700
TRCH,23-Jul-2015,1.43,1.5,1.43,1.45,83100
TREE,23-Jul-2015,85,85,81.5,81.65,242500
TRIB,23-Jul-2015,18.27,18.5,17.9,18.41,67800
TRIL,23-Jul-2015,22.56,23.09,22,22.13,38400
TRIP,23-Jul-2015,92.19,94,91.8,93.37,4130300
TRMB,23-Jul-2015,23.58,23.84,23.5,23.73,926400
TRMK,23-Jul-2015,25.01,25.15,24.42,24.43,306600
TRNS,23-Jul-2015,9.55,9.55,9.55,9.55,0
TROV,23-Jul-2015,9.96,10.08,9.2,9.38,665600
TROVW,23-Jul-2015,6.51,6.51,6.51,6.51,0
TROW,23-Jul-2015,78.06,78.98,77.03,77.28,2349900
TRS,23-Jul-2015,24.11,24.31,23.93,23.97,208400
TRST,23-Jul-2015,6.67,6.67,6.38,6.41,1448600
TRTL,23-Jul-2015,9.98,9.98,9.98,9.98,200
TRTLU,23-Jul-2015,10.3,10.34,10.29,10.33,8400
TRTLW,23-Jul-2015,0.35,0.35,0.35,0.35,0
TRUE,23-Jul-2015,10.91,11.1,10.65,10.68,1686900
TRVN,23-Jul-2015,6.8,7,6.78,6.8,174500
TSBK,23-Jul-2015,10.35,10.35,10.35,10.35,1000
TSC,23-Jul-2015,12.71,13,12.41,12.87,71900
TSCO,23-Jul-2015,94.4,96.28,93.5,95.46,2742500
TSEM,23-Jul-2015,13.2,14.32,13.17,14.16,1068800
TSLA,23-Jul-2015,269.65,269.9,265.27,267.2,2227200
TSRA,23-Jul-2015,35.03,35.82,34.91,35,232000
TSRI,23-Jul-2015,3.6,3.6,3.6,3.6,0
TSRO,23-Jul-2015,64.28,64.28,62.03,62.2,166600
TST,23-Jul-2015,1.9,1.9,1.82,1.82,9700
TTEC,23-Jul-2015,27.32,27.32,26.91,26.99,112500
TTEK,23-Jul-2015,25.3,25.47,24.99,25.04,401000
TTGT,23-Jul-2015,9.35,9.36,9.16,9.19,129300
TTMI,23-Jul-2015,9.33,9.33,9.1,9.22,425100
TTOO,23-Jul-2015,15.47,15.6,14.95,15.04,88400
TTPH,23-Jul-2015,50.36,51.41,49.75,49.94,195100
TTS,23-Jul-2015,14.44,14.97,14.19,14.45,425100
TTWO,23-Jul-2015,31.5,31.72,31.14,31.16,1627900
TUBE,23-Jul-2015,15.98,16.15,15.62,15.7,182500
TUES,23-Jul-2015,10.19,10.25,9.97,10.07,416600
TUSA,23-Jul-2015,26.59,26.59,26.59,26.59,1300
TUTI,23-Jul-2015,24.26,24.26,24.24,24.24,2200
TUTT,23-Jul-2015,24.27,24.27,24.23,24.23,20700
TVIX,23-Jul-2015,5.74,6.16,5.67,5.97,8735100
TVIZ,23-Jul-2015,13.62,13.62,13.39,13.39,500
TWER,23-Jul-2015,29.8,30.6,29.8,30,34400
TWIN,23-Jul-2015,15.98,15.98,15.51,15.52,33000
TWMC,23-Jul-2015,3.59,3.59,3.55,3.59,1100
TWOU,23-Jul-2015,33.53,33.96,33.1,33.31,199900
TXN,23-Jul-2015,49.84,51.26,49.59,50.51,13271800
TXRH,23-Jul-2015,38.51,38.62,37.9,38.22,469600
TYPE,23-Jul-2015,23.9,24.09,23.45,23.66,109500
TZOO,23-Jul-2015,9.05,9.28,8.98,9.08,135000
UAE,23-Jul-2015,20.71,20.71,20.55,20.69,5000
UBCP,23-Jul-2015,8.39,8.4,8.35,8.4,1900
UBFO,23-Jul-2015,5.11,5.13,5.1,5.13,1100
UBIO,23-Jul-2015,107.55,110.25,106.25,107.25,164700
UBND,23-Jul-2015,50.35,50.35,50.35,50.35,0
UBNK,23-Jul-2015,13.82,13.82,13.43,13.5,128400
UBNT,23-Jul-2015,32.45,32.7,32.02,32.47,385900
UBOH,23-Jul-2015,15.5,15.5,15.5,15.5,0
UBSH,23-Jul-2015,24.24,24.42,24.04,24.24,223600
UBSI,23-Jul-2015,42.96,43.43,42.31,42.34,340900
UCBA,23-Jul-2015,14.1,14.1,14.1,14.1,0
UCBI,23-Jul-2015,22.01,22.21,21.22,21.32,949000
UCFC,23-Jul-2015,4.99,5.05,4.98,5.03,45700
UCTT,23-Jul-2015,6.8,7.7,6.7,7.15,1780800
UEIC,23-Jul-2015,51.87,52.44,51.66,52.23,111200
UEPS,23-Jul-2015,20,20.24,19.27,19.34,282500
UFCS,23-Jul-2015,35.37,35.37,34.24,34.45,47600
UFPI,23-Jul-2015,62.27,63.61,59.4,61.81,174800
UFPT,23-Jul-2015,20,20,19.68,19.7,17500
UG,23-Jul-2015,19.27,19.5,19,19.21,3700
UGLD,23-Jul-2015,8.4,8.5,8.24,8.28,239800
UHAL,23-Jul-2015,350,352,342.5,343.2,18200
UIHC,23-Jul-2015,16.23,16.23,15.71,15.88,84100
ULBI,23-Jul-2015,3.96,4.01,3.95,3.96,9900
ULTA,23-Jul-2015,170.43,171.21,168.91,169.22,601500
ULTI,23-Jul-2015,174.78,176.31,172.85,173.85,250400
UMBF,23-Jul-2015,57.17,57.57,55.94,55.95,113100
UMPQ,23-Jul-2015,18.8,18.88,18.4,18.43,1114100
UNAM,23-Jul-2015,9.39,9.98,9.39,9.65,4300
UNB,23-Jul-2015,25.78,27.13,25.73,26.79,2200
UNFI,23-Jul-2015,52.74,52.99,50.5,50.78,910200
UNIS,23-Jul-2015,18.8,19.7,18.7,18.8,559700
UNTY,23-Jul-2015,9.95,9.97,9.95,9.95,400
UNXL,23-Jul-2015,1.49,1.55,1.29,1.32,321100
UPLD,23-Jul-2015,8.22,8.4,8.13,8.27,19900
URBN,23-Jul-2015,34.88,35.12,34.17,34.32,1188000
URRE,23-Jul-2015,10.44,10.8,10.2,10.8,23000
USAK,23-Jul-2015,20.11,20.22,19.2,19.28,31600
USAP,23-Jul-2015,15.59,15.61,14.68,15.12,41800
USAT,23-Jul-2015,3.36,3.46,3.32,3.4,197200
USATP,23-Jul-2015,19.29,19.29,19.29,19.29,0
USCR,23-Jul-2015,43.66,43.74,42.1,42.28,164900
USEG,23-Jul-2015,2.22,2.4,2.22,2.22,71700
USLM,23-Jul-2015,57.96,57.96,56.51,56.51,1400
USLV,23-Jul-2015,13.42,13.45,12.84,13.03,459900
UTEK,23-Jul-2015,16.5,17.84,15.51,16.68,1099800
UTHR,23-Jul-2015,175.74,176.84,173.78,175.1,323600
UTMD,23-Jul-2015,57.71,58.88,57.3,57.3,1600
UTSI,23-Jul-2015,1.93,1.97,1.91,1.95,5900
UVSP,23-Jul-2015,20.81,20.85,20.52,20.55,35700
VA,23-Jul-2015,30.16,30.35,29.4,29.72,525100
VALU,23-Jul-2015,15.8,15.88,13.95,14.36,8200
VALX,23-Jul-2015,26.48,26.65,26.28,26.28,1100
VASC,23-Jul-2015,39.17,39.32,37.82,37.92,205500
VBFC,23-Jul-2015,18.67,18.67,18.67,18.67,0
VBIV,23-Jul-2015,2.48,2.48,2.47,2.47,2800
VBLT,23-Jul-2015,6.87,6.96,6.76,6.77,36300
VBND,23-Jul-2015,49.35,49.53,49.35,49.53,12000
VBTX,23-Jul-2015,15.01,15.55,15.01,15.45,15300
VCEL,23-Jul-2015,3.53,3.54,3.44,3.47,22000
VCIT,23-Jul-2015,84.69,85.09,84.69,85.09,362400
VCLT,23-Jul-2015,86.46,87,86.16,87,157000
VCSH,23-Jul-2015,79.42,79.58,79.42,79.58,505400
VCYT,23-Jul-2015,11.97,12.42,11.59,12.36,88300
VDSI,23-Jul-2015,26.24,27.68,26.24,26.67,1455000
VDTH,23-Jul-2015,12.7,13.2,12.55,12.91,556900
VECO,23-Jul-2015,26.77,27.27,26.65,26.8,288300
VGIT,23-Jul-2015,64.43,64.6,64.4,64.6,27400
VGLT,23-Jul-2015,74.19,75.06,74.02,75.06,13700
VGSH,23-Jul-2015,61.04,61.07,61.03,61.07,78300
VIA,23-Jul-2015,58.88,58.93,58.21,58.37,34100
VIAB,23-Jul-2015,58.62,58.72,57.94,58.23,3389500
VICL,23-Jul-2015,6.2,6.4,6.2,6.3,148400
VICR,23-Jul-2015,11.1,11.1,10.71,10.75,39000
VIDI,23-Jul-2015,22.76,22.81,22.63,22.63,79600
VIIX,23-Jul-2015,21.59,22.36,21.47,22.03,133000
VIIZ,23-Jul-2015,14.45,14.45,14.45,14.45,0
VIP,23-Jul-2015,5.19,5.27,5.13,5.26,1457000
VIRC,23-Jul-2015,2.67,2.7,2.67,2.7,5400
VIRT,23-Jul-2015,23.54,23.76,23.11,23.15,350900
VISN,23-Jul-2015,11.08,11.12,10.64,10.78,8700
VIVO,23-Jul-2015,19.72,19.78,18.66,18.67,339600
VKTX,23-Jul-2015,6.95,6.95,5.86,6.02,7800
VLGEA,23-Jul-2015,31.46,31.46,29.37,29.38,31800
VLTC,23-Jul-2015,7.19,7.83,7.02,7.2,1072800
VMBS,23-Jul-2015,52.89,53.05,52.89,53.05,115300
VNDA,23-Jul-2015,11.97,12.08,11.73,11.78,424800
VNET,23-Jul-2015,20.58,20.99,20.58,20.71,246600
VNOM,23-Jul-2015,15.2,15.31,14.2,14.59,53400
VNQI,23-Jul-2015,55.36,55.4,54.94,55.07,266800
VNR,23-Jul-2015,10.5,11.04,10.5,10.86,736300
VNRAP,23-Jul-2015,23.77,23.98,23.21,23.32,23200
VNRBP,23-Jul-2015,20.14,20.14,19.15,19.48,65000
VNRCP,23-Jul-2015,21,21,20,20.58,38300
VOD,23-Jul-2015,36.23,36.25,35.95,36.19,4155600
VONE,23-Jul-2015,97.73,97.73,97,97.07,6000
VONG,23-Jul-2015,104.99,105.22,104.28,104.33,12000
VONV,23-Jul-2015,90.69,90.69,89.99,90.01,5800
VOXX,23-Jul-2015,8.45,8.53,8.25,8.35,88700
VRA,23-Jul-2015,11.08,11.2,10.69,10.7,348800
VRML,23-Jul-2015,2.11,2.19,2.05,2.14,55400
VRNS,23-Jul-2015,22.95,24.68,22.95,23.92,124000
VRNT,23-Jul-2015,60.8,60.98,59.76,59.93,355700
VRSK,23-Jul-2015,74.43,74.69,73.95,74.14,651500
VRSN,23-Jul-2015,65.85,66.4,65.63,66.02,1227800
VRTB,23-Jul-2015,3.45,3.45,3.45,3.45,100
VRTS,23-Jul-2015,121.87,122.24,119.22,120.97,125000
VRTU,23-Jul-2015,51.75,51.75,50.89,51.17,140100
VRTX,23-Jul-2015,131.71,131.95,129.93,130.85,870000
VSAR,23-Jul-2015,19.8,19.93,19.1,19.2,137500
VSAT,23-Jul-2015,59.67,60.49,59.67,60.33,306300
VSEC,23-Jul-2015,25.775,26.415,25.44,25.66,30300
VSTM,23-Jul-2015,7.36,7.39,7.1,7.19,247900
VTAE,23-Jul-2015,11.31,11.39,10.68,10.78,126100
VTHR,23-Jul-2015,98.05,98.05,97.38,97.43,2400
VTIP,23-Jul-2015,48.53,48.6,48.53,48.59,73600
VTL,23-Jul-2015,17.8,18.23,16.4,17.08,295100
VTNR,23-Jul-2015,2.01,2.05,1.95,1.99,68300
VTWG,23-Jul-2015,114.86,115.33,113.54,113.54,4500
VTWO,23-Jul-2015,100.62,100.85,99.34,99.48,24400
VTWV,23-Jul-2015,87.66,87.66,86.45,86.45,5200
VUSE,23-Jul-2015,26.77,26.85,26.53,26.6,51000
VUZI,23-Jul-2015,6.1,6.14,5.99,5.99,43500
VVUS,23-Jul-2015,2.03,2.04,1.87,1.9,1503200
VWOB,23-Jul-2015,76.75,76.77,76.49,76.57,19300
VWR,23-Jul-2015,26.48,26.84,26.22,26.46,640000
VXUS,23-Jul-2015,50.44,50.44,50.05,50.14,617900
WABC,23-Jul-2015,51.46,51.77,50.16,50.41,241300
WAFD,23-Jul-2015,23.93,24.06,23.51,23.54,415300
WAFDW,23-Jul-2015,6.32,6.32,6.32,6.32,0
WASH,23-Jul-2015,42.16,42.16,40.7,40.86,43600
WATT,23-Jul-2015,7.49,7.84,7.4,7.46,222700
WAYN,23-Jul-2015,12.52,12.52,12.2,12.49,25700
WB,23-Jul-2015,14.67,15.16,14.67,14.92,517200
WBA,23-Jul-2015,96.86,96.87,95.2,95.48,2064600
WBB,23-Jul-2015,17.2,17.2,17.2,17.2,1200
WBKC,23-Jul-2015,25.5,25.5,25.5,25.5,500
WBMD,23-Jul-2015,45.62,46.28,45.12,45.17,179700
WDC,23-Jul-2015,77.08,78.89,76.52,77.9,3644500
WDFC,23-Jul-2015,89.13,89.78,88.01,88.33,56800
WEBK,23-Jul-2015,19.85,20.2,19.75,20,2000
WEN,23-Jul-2015,10.41,10.42,10.22,10.26,2343800
WERN,23-Jul-2015,27.97,28.32,27.22,27.25,845700
WETF,23-Jul-2015,23.45,23.88,23.36,23.5,1318400
WEYS,23-Jul-2015,29.59,29.75,29.13,29.13,9900
WFBI,23-Jul-2015,17.2,17.2,17.2,17.2,0
WFM,23-Jul-2015,41.08,41.3,40.77,41.07,1864900
WGBS,23-Jul-2015,2.32,2.38,2.31,2.37,10200
WHF,23-Jul-2015,12.32,12.39,11.77,11.85,68100
WHFBL,23-Jul-2015,25.2,25.2,25.2,25.2,400
WHLM,23-Jul-2015,5.67,5.67,5.67,5.67,100
WHLR,23-Jul-2015,2.02,2.04,2,2.02,84400
WHLRP,23-Jul-2015,23.63,24.14,23.43,23.61,2200
WHLRW,23-Jul-2015,0.08,0.08,0.08,0.08,0
WIFI,23-Jul-2015,10.11,10.3,9.93,10.25,694500
WILC,23-Jul-2015,5.54,5.54,5.51,5.54,300
WILN,23-Jul-2015,2.04,2.07,2.02,2.04,54300
WIN,23-Jul-2015,5.03,5.08,4.82,4.86,3805000
WINA,23-Jul-2015,103.08,103.48,102.5,102.5,2000
WING,23-Jul-2015,31.21,32,31.21,31.54,96200
WIRE,23-Jul-2015,43.07,43.07,41.18,41.55,176000
WIX,23-Jul-2015,27.58,27.95,27,27.39,249800
WLB,23-Jul-2015,17,17.12,16.1,16.3,353200
WLDN,23-Jul-2015,11.15,11.17,10.77,10.88,45800
WLFC,23-Jul-2015,17.33,17.38,17.26,17.26,10500
WMAR,23-Jul-2015,9.57,9.61,9.4,9.4,24000
WMGI,23-Jul-2015,26.28,26.44,26.09,26.18,431600
WMGIZ,23-Jul-2015,3.9,3.9,3.9,3.9,0
WOOD,23-Jul-2015,51.65,51.74,51.11,51.11,9100
WOOF,23-Jul-2015,55.1,55.5,54.61,54.76,405500
WPCS,23-Jul-2015,1.42,1.54,1.36,1.5,47800
WPPGY,23-Jul-2015,115.99,116.01,114.71,114.84,74100
WPRT,23-Jul-2015,4.39,4.48,4.22,4.32,279600
WRLD,23-Jul-2015,56.97,57.17,46.97,51.37,890200
WSBC,23-Jul-2015,34.61,34.61,33.46,33.8,215600
WSBF,23-Jul-2015,13.24,13.28,13.05,13.1,97200
WSCI,23-Jul-2015,6.03,6.22,6.03,6.22,300
WSFS,23-Jul-2015,29.04,29.07,28.22,28.35,61500
WSFSL,23-Jul-2015,27.25,27.25,27.25,27.25,0
WSTC,23-Jul-2015,30.46,30.69,30.03,30.12,218100
WSTG,23-Jul-2015,19.52,20,19.45,19.75,3200
WSTL,23-Jul-2015,0.98,1.01,0.98,1.01,55400
WTBA,23-Jul-2015,19.86,19.86,19.31,19.31,11700
WTFC,23-Jul-2015,55.4,55.43,54.21,54.54,258900
WTFCM,23-Jul-2015,25.1,25.1,24.88,25.05,44100
WTFCW,23-Jul-2015,32.51,32.51,32.51,32.51,0
WVFC,23-Jul-2015,11.11,11.3,11.1,11.1,4100
WVVI,23-Jul-2015,7.4,7.4,7.05,7.3,4400
WWD,23-Jul-2015,49.14,49.64,48.55,48.58,620300
WYNN,23-Jul-2015,104.2,105.65,103.01,104.3,2655700
XBIT,23-Jul-2015,20.95,21.4,19.51,19.63,144000
XBKS,23-Jul-2015,6.1,6.1,6.1,6.1,200
XCRA,23-Jul-2015,6.36,6.63,6.36,6.51,413200
XENE,23-Jul-2015,11.05,11.16,10.87,11.03,27100
XENT,23-Jul-2015,32.32,32.85,32.27,32.54,330600
XGTI,23-Jul-2015,24,24,21.96,22.32,75500
XGTIW,23-Jul-2015,2.28,2.28,2.28,2.28,0
XIV,23-Jul-2015,48.79,49.06,47,47.59,18658200
XLNX,23-Jul-2015,41.04,42.3,40.71,41.28,5440000
XLRN,23-Jul-2015,32.16,33.09,31.4,31.5,89000
XNCR,23-Jul-2015,24.56,24.79,23.84,23.91,88300
XNET,23-Jul-2015,9.61,9.91,9.38,9.56,210600
XOMA,23-Jul-2015,21.2,22.2,19.6,20.8,24934100
XONE,23-Jul-2015,9.7,9.87,9.46,9.51,145100
XPLR,23-Jul-2015,5,5.08,4.91,5.08,61300
XRAY,23-Jul-2015,52.53,52.89,52.21,52.72,594600
XTLB,23-Jul-2015,1.96,1.96,1.96,1.96,0
XXIA,23-Jul-2015,12.79,13.01,12.72,12.8,192500
YDIV,23-Jul-2015,17.99,17.99,17.99,17.99,400
YECO,23-Jul-2015,4.44,4.44,3.75,4,37600
YHOO,23-Jul-2015,39.3,39.78,39.06,39.21,9267400
YLCO,23-Jul-2015,13.46,13.46,13.33,13.34,7200
YNDX,23-Jul-2015,15.14,15.31,15,15.26,1990300
YOD,23-Jul-2015,1.99,2.03,1.99,2.01,24000
YORW,23-Jul-2015,21.48,21.59,21.12,21.14,18000
YPRO,23-Jul-2015,22.97,23,22.97,22.99,6300
YRCW,23-Jul-2015,13.1,13.2,12.65,12.79,445200
YY,23-Jul-2015,59.56,60.69,59.3,60.15,1004600
Z,23-Jul-2015,81.96,83.4,80.02,80.65,1602400
ZAGG,23-Jul-2015,8.16,8.18,7.93,8.07,341700
ZAIS,23-Jul-2015,10.21,10.64,10.21,10.48,2900
ZBIO,23-Jul-2015,17.71,18.08,17.47,17.92,18900
ZBRA,23-Jul-2015,114.11,115.76,112.73,112.85,268600
ZEUS,23-Jul-2015,12.64,12.9,12.01,12.34,116100
ZFGN,23-Jul-2015,38.58,38.58,37.08,37.84,466000
ZGNX,23-Jul-2015,20.99,21.14,20.23,20.27,345900
ZION,23-Jul-2015,31.91,32.42,31.48,31.59,3759200
ZIONW,23-Jul-2015,5.49,5.53,5.3,5.3,29400
ZIOP,23-Jul-2015,12.82,13.17,12.5,12.59,2210600
ZIV,23-Jul-2015,49.54,49.54,48.5,49.19,61500
ZIXI,23-Jul-2015,5.16,5.23,5.02,5.11,815300
ZLTQ,23-Jul-2015,31.51,32.22,31.39,32.21,447200
ZN,23-Jul-2015,1.69,1.69,1.58,1.59,65700
ZNGA,23-Jul-2015,2.69,2.72,2.62,2.67,7171800
ZSAN,23-Jul-2015,8.99,9.13,8.8,9,12000
ZUMZ,23-Jul-2015,26.93,27.07,26.62,26.69,270900
