Symbol,Date,Open,High,Low,Close,Volume
AAME,25-Feb-2011,2.04,2.04,2.04,2.04,100
AAON,25-Feb-2011,8.9748,9.1822,8.8711,9.0548,65800
AAPL,25-Feb-2011,49.3271,49.7757,49.2571,49.7371,13572000
AAWW,25-Feb-2011,67.51,68.79,66.94,68.19,239000
AAXJ,25-Feb-2011,59.77,60.09,59.57,60.03,602400
ABAX,25-Feb-2011,25.93,26.4,25.78,26.38,69300
ABCB,25-Feb-2011,9.89,10.27,9.85,10.27,42000
ABCD,25-Feb-2011,3.6,3.62,3.56,3.62,31400
ABCO,25-Feb-2011,25.025,25.8,25.015,25.74,36900
ABIO,25-Feb-2011,125.58,126.42,124.32,125.58,14500
ABMD,25-Feb-2011,12.75,13.1,12.65,12.96,133300
ABTL,25-Feb-2011,5.8,5.95,5.6,5.85,519900
ACAD,25-Feb-2011,1.52,1.56,1.51,1.56,85800
ACAS,25-Feb-2011,9.17,9.32,9.08,9.29,2929300
ACAT,25-Feb-2011,12.9,13.15,12.66,13.14,93600
ACET,25-Feb-2011,7.95,8.06,7.93,8.01,102000
ACGL,25-Feb-2011,29.6367,30,29.3167,29.9667,538100
ACHN,25-Feb-2011,5.81,6.16,5.73,5.85,419800
ACIW,25-Feb-2011,9.8933,10.2733,9.8767,10.2367,406900
ACLS,25-Feb-2011,10.8,11.24,10.6,11.16,1147000
ACNB,25-Feb-2011,16,16,16,16,200
ACOR,25-Feb-2011,20.74,20.95,20.56,20.66,726900
ACPW,25-Feb-2011,11.25,11.9,11.25,11.25,231700
ACRX,25-Feb-2011,3.62,3.75,3.56,3.59,9500
ACTG,25-Feb-2011,23.3,28.35,23.16,28.29,1208100
ACTS,25-Feb-2011,2.48,2.56,2.46,2.56,210000
ACUR,25-Feb-2011,3.25,3.3,3.15,3.27,38800
ACWI,25-Feb-2011,48.05,48.44,48.05,48.4,790300
ACWX,25-Feb-2011,45.08,45.32,45.06,45.29,120400
ACXM,25-Feb-2011,16.48,17.23,16.48,17.12,320300
ADBE,25-Feb-2011,34.15,34.94,34.14,34.63,5620200
ADES,25-Feb-2011,7.265,7.525,7.25,7.305,25300
ADI,25-Feb-2011,39.44,40.08,39.43,39.99,1597100
ADP,25-Feb-2011,43.1781,43.6699,43.0114,43.5558,1670600
ADRA,25-Feb-2011,28.85,29.02,28.78,29.02,24300
ADRD,25-Feb-2011,22.83,22.95,22.83,22.94,6000
ADRE,25-Feb-2011,46.65,46.7,46.31,46.7,27800
ADRU,25-Feb-2011,22.24,22.34,22.24,22.34,7000
ADSK,25-Feb-2011,41.6,43.63,41.12,42.75,4944600
ADTN,25-Feb-2011,44.64,45.92,44.56,45.92,1203400
ADUS,25-Feb-2011,4.4,4.5,4.37,4.44,21100
AEGR,25-Feb-2011,14.33,14.57,14.33,14.51,4500
AEHR,25-Feb-2011,1.57,1.89,1.5,1.79,50500
AEIS,25-Feb-2011,15.53,16,15.48,16,523000
AEPI,25-Feb-2011,28.06,28.93,27.63,28.77,15500
AETI,25-Feb-2011,2.59,2.59,2.49,2.59,900
AEY,25-Feb-2011,3.21,3.22,3.12,3.15,62000
AEZS,25-Feb-2011,1068,1092,1050,1086,1137900
AFAM,25-Feb-2011,37.9,39.1,37.81,38.86,77100
AFSI,25-Feb-2011,9.46,9.62,9.44,9.615,80700
AGEN,25-Feb-2011,0.95,0.95,0.91,0.93,152300
AGII,25-Feb-2011,37.83,38.41,37.46,38.35,75600
AGNC,25-Feb-2011,29.39,29.51,29.32,29.4,1737000
AGYS,25-Feb-2011,5.37,5.6,5.35,5.56,79700
AHGP,25-Feb-2011,53.95,55.59,53.25,54.78,185400
AHPI,25-Feb-2011,4.84,4.98,4.84,4.98,4000
AIMC,25-Feb-2011,21.13,21.67,20.91,21.64,92900
AINV,25-Feb-2011,12.15,12.42,12.06,12.4,1206300
AIRM,25-Feb-2011,18.88,19.17,18.7133,19.07,58100
AIRT,25-Feb-2011,9.5,9.66,9.45,9.59,1100
AIXG,25-Feb-2011,40.35,41,40.31,40.93,126000
AKAM,25-Feb-2011,40.2,40.7,39.4,39.48,6493600
AKRX,25-Feb-2011,5.19,5.54,5.16,5.47,333500
ALCO,25-Feb-2011,24.08,25.88,23.91,25.88,16200
ALGN,25-Feb-2011,19.64,20.37,19.51,20.29,945400
ALGT,25-Feb-2011,40.7,41.3,40.69,41.1,225900
ALIM,25-Feb-2011,8.24,8.25,7.91,7.99,57400
ALKS,25-Feb-2011,13.98,14.11,13.9,14.1,307700
ALLT,25-Feb-2011,14.7,14.88,14.66,14.81,143700
ALNY,25-Feb-2011,11.06,11.45,10.98,11.36,258900
ALOG,25-Feb-2011,53.24,54.39,53,54.39,60000
ALOT,25-Feb-2011,7.4,7.81,7.4,7.68,3800
ALSK,25-Feb-2011,9.71,10.17,9.71,10.12,820600
ALXN,25-Feb-2011,46.5,47.515,46.3,47.46,483200
AMAG,25-Feb-2011,17.57,18.63,17.5,18.3,680300
AMAT,25-Feb-2011,16.1,16.15,15.71,16.12,20076800
AMCC,25-Feb-2011,10.26,10.64,10.07,10.39,687500
AMCN,25-Feb-2011,6.65,6.85,6.58,6.65,112000
AMD,25-Feb-2011,9.25,9.45,9.23,9.29,29319900
AMED,25-Feb-2011,34.48,35.61,34.42,35.32,436300
AMGN,25-Feb-2011,51.18,52.37,51.05,52.26,7796600
AMKR,25-Feb-2011,7.35,7.51,7.34,7.49,1790200
AMNB,25-Feb-2011,20.86,21.66,20.86,21.6,4700
AMOT,25-Feb-2011,7.43,7.91,7.26,7.81,37800
AMOV,25-Feb-2011,27.8,27.99,27.8,27.99,400
AMRB,25-Feb-2011,6.25,6.4,6.02,6.38,10700
AMRI,25-Feb-2011,4.27,4.46,4.26,4.44,93600
AMRN,25-Feb-2011,8.12,8.3,7.92,8.09,2433200
AMRS,25-Feb-2011,31.8,32.86,31.34,32.67,71100
AMSC,25-Feb-2011,266.2,269.3,265,267,564200
AMSF,25-Feb-2011,20.03,20.17,19.77,20.12,31300
AMSG,25-Feb-2011,21,23.69,21,23.64,420400
AMSWA,25-Feb-2011,6.83,6.95,6.81,6.93,46500
AMTD,25-Feb-2011,21.02,21.67,20.98,21.67,3885000
AMWD,25-Feb-2011,19.04,19.57,19,19.56,36100
AMZN,25-Feb-2011,179,180.75,177.1,177.24,4194500
ANAT,25-Feb-2011,80.41,81.03,78.7,80.72,37400
ANCB,25-Feb-2011,10.45,10.45,10.44,10.45,2000
ANCX,25-Feb-2011,6.91,7.14,6.91,7.08,56200
ANDE,25-Feb-2011,31.8,32.54,31.2733,32.4733,171600
ANGO,25-Feb-2011,16.79,16.8,16.46,16.76,75500
ANIK,25-Feb-2011,8.54,8.6,8.3,8.57,125800
ANSS,25-Feb-2011,54.78,56.65,54.04,55.83,1035500
ANTH,25-Feb-2011,44.56,45.12,43.28,43.76,32300
AOSL,25-Feb-2011,12.6,13.66,12.6,13.35,106400
APEI,25-Feb-2011,42.92,43.21,42.21,43.11,160600
APOG,25-Feb-2011,13.46,13.96,13.25,13.92,70500
APOL,25-Feb-2011,45.34,45.8,45.15,45.77,1057600
APPY,25-Feb-2011,27.36,28.32,26.88,28.32,78700
APRI,25-Feb-2011,52.5,53.5,49.3,51.3,881200
ARAY,25-Feb-2011,9.9,10.28,9.9,9.99,543200
ARCC,25-Feb-2011,17.4,17.68,17.37,17.66,1021200
ARCI,25-Feb-2011,4.22,4.35,4.22,4.29,6000
ARCW,25-Feb-2011,1.08,1.08,0.94,0.984,4900
AREX,25-Feb-2011,31.98,32.2,31.73,32.19,338600
ARIA,25-Feb-2011,5.85,6.2,5.76,6.08,2668400
ARII,25-Feb-2011,19.95,20.6,19.69,20.58,149500
ARKR,25-Feb-2011,14.5,14.75,14.47,14.62,3700
ARLP,25-Feb-2011,38.175,38.365,37.75,38.2,100700
ARNA,25-Feb-2011,1.64,1.65,1.61,1.62,1788000
AROW,25-Feb-2011,24.35,25.05,24.25,24.95,47300
ARQL,25-Feb-2011,6.21,6.56,6.18,6.5,246100
ARRS,25-Feb-2011,13.06,13.27,13.04,13.17,876100
ARRY,25-Feb-2011,2.86,2.98,2.85,2.94,250600
ARTNA,25-Feb-2011,19.38,19.39,19.18,19.34,6400
ARTW,25-Feb-2011,11.5,11.7,10.75,11,35900
ARTX,25-Feb-2011,1.46,1.54,1.45,1.52,23100
ARWR,25-Feb-2011,0.7,0.71,0.69,0.69,144600
ASCMA,25-Feb-2011,40.44,41.38,40.23,41.34,78500
ASFI,25-Feb-2011,8.43,8.71,8.38,8.67,22500
ASML,25-Feb-2011,43.24,43.7,43.15,43.53,1407900
ASNA,25-Feb-2011,15.265,15.65,15.15,15.635,607600
ASPS,25-Feb-2011,30.15,30.3,29.92,30.22,42700
ASRV,25-Feb-2011,2.15,2.21,2.15,2.16,8900
ASRVP,25-Feb-2011,25,25,25,25,100
ASTC,25-Feb-2011,1.2,1.24,1.2,1.21,9600
ASTE,25-Feb-2011,33.32,34.11,33.32,33.82,101400
ASUR,25-Feb-2011,1.8133,1.8133,1.8133,1.8133,0
ASYS,25-Feb-2011,22.2,23.09,22.1,22.99,298600
ATAI,25-Feb-2011,5.75,7.71,5.74,7.14,120400
ATAX,25-Feb-2011,5.55,5.59,5.54,5.57,53400
ATEC,25-Feb-2011,34.8,34.8,31.32,31.8,1066200
ATHN,25-Feb-2011,45.39,46.12,45.11,46,281200
ATHX,25-Feb-2011,2.52,2.56,2.5,2.51,50000
ATLO,25-Feb-2011,18.16,18.5,18.05,18.35,9700
ATNI,25-Feb-2011,38.16,39,38.06,39,54300
ATRC,25-Feb-2011,10.08,10.13,10.05,10.1,42000
ATRI,25-Feb-2011,172.54,173.93,171.85,173.93,1600
ATRO,25-Feb-2011,16.8667,17.5417,16.8667,17.4167,82300
ATSG,25-Feb-2011,7.48,7.91,7.23,7.89,374100
ATVI,25-Feb-2011,10.8,11.14,10.79,11.11,13530100
AUBN,25-Feb-2011,19.75,19.75,19.71,19.71,500
AUDC,25-Feb-2011,6.46,6.75,6.46,6.67,108000
AVAV,25-Feb-2011,28.68,29.46,28.55,29.39,162900
AVEO,25-Feb-2011,14.47,14.47,13.98,14.16,102700
AVGO,25-Feb-2011,34.24,34.59,33.8,34.36,1913300
AVID,25-Feb-2011,21.42,21.95,21.42,21.94,75300
AVNW,25-Feb-2011,71.76,76.56,71.4,76.08,775200
AWRE,25-Feb-2011,3.53,3.63,3.53,3.63,22000
AXAS,25-Feb-2011,5.84,5.88,5.72,5.87,1483700
AXTI,25-Feb-2011,7.19,7.45,7.04,7.42,1609900
AZPN,25-Feb-2011,15.1,15.46,15.09,15.4,528300
BABY,25-Feb-2011,15.5,16.08,15.44,16.07,204100
BANF,25-Feb-2011,41.07,41.98,40.55,41.94,6200
BANFP,25-Feb-2011,26.55,26.55,26.55,26.55,0
BANR,25-Feb-2011,16.45,17.43,16.24,17.22,518500
BASI,25-Feb-2011,2.47,2.47,2.25,2.36,2700
BBBY,25-Feb-2011,47.48,48.1,47.2,47.85,2097200
BBGI,25-Feb-2011,5.99,6.14,5.91,6.05,8500
BBOX,25-Feb-2011,37.5,38.63,37.12,38.63,85000
BBRG,25-Feb-2011,16.54,16.97,16.54,16.88,64900
BBRY,25-Feb-2011,66.71,66.95,65.59,65.99,6884200
BBSI,25-Feb-2011,14.73,14.86,14.57,14.82,31200
BCBP,25-Feb-2011,11,11,10.69,10.99,5000
BCOM,25-Feb-2011,32.5,32.5,32.5,32.5,0
BCPC,25-Feb-2011,34.4,35.38,34.14,35.33,97600
BCRX,25-Feb-2011,4.24,4.36,4.17,4.29,817500
BDE,25-Feb-2011,6.74,6.9,6.74,6.82,14600
BDGE,25-Feb-2011,21.92,22.15,21.82,21.84,3800
BDSI,25-Feb-2011,3.54,3.57,3.42,3.48,88100
BEAT,25-Feb-2011,4.81,4.84,4.8,4.8,149100
BEAV,25-Feb-2011,34.74,35.07,34.34,34.34,1117500
BEBE,25-Feb-2011,5.72,5.91,5.72,5.89,429700
BECN,25-Feb-2011,20.15,20.6,20.15,20.57,253100
BELFA,25-Feb-2011,23.1,23.1,23.1,23.1,0
BELFB,25-Feb-2011,21.13,22.3,20.93,22.05,34300
BFIN,25-Feb-2011,8.57,8.7,8.56,8.67,29000
BGCP,25-Feb-2011,9.3,9.59,9.25,9.58,801200
BGFV,25-Feb-2011,13.34,13.68,13.22,13.66,49600
BIB,25-Feb-2011,7.3938,7.3938,7.3938,7.3938,100
BICK,25-Feb-2011,30.61,30.83,30.47,30.77,72200
BIDU,25-Feb-2011,120.79,121.72,119.62,120.59,4829100
BIIB,25-Feb-2011,67.43,68.25,67.35,67.78,1394700
BIOC,25-Feb-2011,14.04,14.55,14.04,14.13,3600
BIOD,25-Feb-2011,8.52,8.56,8.28,8.4,643400
BIOS,25-Feb-2011,4.24,4.32,4.21,4.23,574700
BIS,25-Feb-2011,202.96,202.96,202.96,202.96,0
BJRI,25-Feb-2011,35.51,35.62,34.83,35.61,193000
BKCC,25-Feb-2011,12.03,12.34,12.03,12.34,636500
BKMU,25-Feb-2011,4.42,4.68,4.41,4.67,184500
BKSC,25-Feb-2011,11.73,12,11.64,12,900
BLDP,25-Feb-2011,1.98,2.04,1.98,2.04,262600
BLDR,25-Feb-2011,2.37,2.38,2.22,2.35,167500
BLIN,25-Feb-2011,6.35,6.4,5.85,6.3,4700
BLKB,25-Feb-2011,25.7,26.64,25.7,26.64,167200
BMRC,25-Feb-2011,36.29,36.49,36.07,36.3,7800
BMRN,25-Feb-2011,24.49,25.2,24.28,24.58,1598100
BMTC,25-Feb-2011,20.74,21.15,20.65,20.95,26200
BNCL,25-Feb-2011,8.8,9,8.8,9,59000
BNCN,25-Feb-2011,8.03,8.03,7.51,7.8,8900
BNSO,25-Feb-2011,2.25,2.31,2.09,2.31,4100
BOBE,25-Feb-2011,30.96,31.37,30.65,31,199600
BOCH,25-Feb-2011,4.05,4.07,4,4.02,13200
BOFI,25-Feb-2011,3.7375,3.8025,3.705,3.7625,41300
BOKF,25-Feb-2011,50.8,51.46,50.43,51.44,55000
BONT,25-Feb-2011,15.97,16.15,15.35,15.88,68300
BOOM,25-Feb-2011,22.63,25.24,22.42,24.85,482800
BOSC,25-Feb-2011,7.28,7.28,6.68,7,10500
BPFH,25-Feb-2011,7.19,7.3,7.16,7.25,397500
BPFHW,25-Feb-2011,2.91,2.91,2.91,2.91,0
BPOP,25-Feb-2011,32.2,32.7,31.8,32.2,5713500
BPOPM,25-Feb-2011,19.1,19.1,19.1,19.1,0
BPOPN,25-Feb-2011,20.7,20.75,20.7,20.75,4400
BRCD,25-Feb-2011,6.34,6.39,6.25,6.33,11813900
BRID,25-Feb-2011,11.4,11.99,11.32,11.99,1900
BRKL,25-Feb-2011,10.36,10.53,10.35,10.51,279900
BRKR,25-Feb-2011,18.45,18.84,18.15,18.82,315300
BRKS,25-Feb-2011,12.24,12.65,12,12.64,284900
BSET,25-Feb-2011,6.75,6.91,6.59,6.75,4200
BSFT,25-Feb-2011,35.2,36.09,34.89,35.8,234100
BSPM,25-Feb-2011,52.29,52.29,51.24,51.87,99300
BSQR,25-Feb-2011,11.2,11.63,11.12,11.52,102800
BSRR,25-Feb-2011,10.74,11.03,10.7,11,15900
BSTC,25-Feb-2011,26.08,26.6,26.02,26.58,3000
BUSE,25-Feb-2011,4.89,5.02,4.82,4.99,230100
BVSN,25-Feb-2011,13.05,13.17,13.05,13.17,3400
BWEN,25-Feb-2011,15.3,16.2,14.8,16,1685300
BWINA,25-Feb-2011,21.46,21.46,21.46,21.46,0
BWINB,25-Feb-2011,24.01,24.38,23.89,24.27,8300
BWLD,25-Feb-2011,52.96,53.64,52.82,53.46,226200
BYFC,25-Feb-2011,2.3,2.54,2.12,2.18,12200
CA,25-Feb-2011,24.54,24.78,24.48,24.74,2617200
CAAS,25-Feb-2011,11.09,11.58,11.05,11.42,111100
CAC,25-Feb-2011,33.17,33.59,32.88,33.5,6700
CACB,25-Feb-2011,9.3,9.3,9.05,9.05,1900
CACC,25-Feb-2011,70.35,70.69,70,70.37,21800
CADC,25-Feb-2011,55.56,57.24,54,56.04,45600
CAKE,25-Feb-2011,29.13,29.75,28.68,28.92,1577400
CALD,25-Feb-2011,5.86,5.93,5.86,5.93,46300
CALI,25-Feb-2011,17.88,17.88,16.38,17.04,101300
CALL,25-Feb-2011,9.49,10.645,9.435,10.355,129700
CALM,25-Feb-2011,14.05,14.26,14,14.235,98900
CAMP,25-Feb-2011,3.04,3.13,3.03,3.1,162900
CAMT,25-Feb-2011,3.97,4.01,3.84,3.95,61000
CAR,25-Feb-2011,15.19,15.39,14.95,15.26,1367500
CART,25-Feb-2011,3.12,3.19,3.12,3.14,400
CARV,25-Feb-2011,1.3,1.4,1.1,1.17,14500
CASH,25-Feb-2011,17.03,17.6,17,17.6,4500
CASM,25-Feb-2011,2.89,2.89,2.77,2.87,10200
CASS,25-Feb-2011,38.67,39,38.5,38.72,15500
CASY,25-Feb-2011,41.48,41.96,41.48,41.87,173100
CATM,25-Feb-2011,18.98,19.36,18.84,19.16,3882000
CATY,25-Feb-2011,17.4,17.83,17.27,17.77,538400
CAVM,25-Feb-2011,42.4,44.23,42.4,43.66,1071200
CBAK,25-Feb-2011,8.9,9.1,8.8,9.05,104900
CBAN,25-Feb-2011,4.35,4.35,4.34,4.35,1000
CBLI,25-Feb-2011,142.2,144,141,143.8,61100
CBMX,25-Feb-2011,346.5,358.5,337.5,355.5,7100
CBMXW,25-Feb-2011,2.9,2.9,2.9,2.9,0
CBOE,25-Feb-2011,28.4,29.5,28.01,29.43,2222800
CBPO,25-Feb-2011,16.93,17,16.77,17,25400
CBRL,25-Feb-2011,49.41,50.25,49.39,50.06,213500
CBSH,25-Feb-2011,39.53,40,39.45,40,473500
CCBG,25-Feb-2011,12.38,12.46,12.22,12.43,13200
CCCL,25-Feb-2011,56,56.96,55.44,56.96,40700
CCIH,25-Feb-2011,19.06,20.71,19.06,19.89,361900
CCMP,25-Feb-2011,48.6,49.39,48.59,49.1,245500
CCNE,25-Feb-2011,13.7,13.98,13.53,13.91,12000
CCOI,25-Feb-2011,14.95,15.06,14.62,14.73,299400
CCRN,25-Feb-2011,8.09,8.26,7.89,8.22,76100
CCUR,25-Feb-2011,5.83,5.96,5.79,5.96,7300
CDNS,25-Feb-2011,9.69,9.92,9.68,9.88,3746900
CDTI,25-Feb-2011,28.85,31.6,28.5,30.45,38200
CDXS,25-Feb-2011,10.49,10.65,10.2,10.61,151600
CDZI,25-Feb-2011,12.85,12.99,12.76,12.96,42500
CECE,25-Feb-2011,5.76,5.9,5.76,5.9,6500
CECO,25-Feb-2011,22.94,23.97,22.88,23.88,933300
CELG,25-Feb-2011,26.435,26.86,26.375,26.76,2773900
CELGZ,25-Feb-2011,2.42,2.45,2.35,2.44,800
CENT,25-Feb-2011,9.04,9.31,8.99,9.1,117000
CENTA,25-Feb-2011,9,9.19,8.84,9.17,223600
CENX,25-Feb-2011,16.28,16.46,15.89,16.16,2246500
CERN,25-Feb-2011,24.6025,25.255,24.4125,25.1975,517700
CERS,25-Feb-2011,3.24,3.52,3.23,3.49,565900
CETV,25-Feb-2011,19.32,19.9,19.29,19.69,1060600
CEVA,25-Feb-2011,21.68,23.72,21.58,23.68,246900
CFBK,25-Feb-2011,6.75,7.55,6.75,7.55,4900
CFFI,25-Feb-2011,23,23.01,22.1,22.65,2000
CFFN,25-Feb-2011,12.32,12.47,12.28,12.42,2029100
CFNB,25-Feb-2011,14.52,14.75,14.52,14.75,700
CFNL,25-Feb-2011,10.86,11.22,10.77,11.21,50600
CGEN,25-Feb-2011,4.94,5.14,4.91,5.02,91400
CGNX,25-Feb-2011,13.75,14.09,13.66,14.045,401700
CHCI,25-Feb-2011,1.59,1.69,1.56,1.63,106200
CHCO,25-Feb-2011,33.93,34.46,33.8,34.39,51800
CHDN,25-Feb-2011,40.53,40.89,40.3,40.89,10400
CHFC,25-Feb-2011,19.97,20.46,19.88,20.4,49100
CHFN,25-Feb-2011,9.7227,9.901,9.7029,9.901,700
CHKE,25-Feb-2011,16.82,17.12,16.71,17,46200
CHKP,25-Feb-2011,49.61,50.31,49.51,50.29,1002400
CHNR,25-Feb-2011,13.09,13.1,12.71,12.77,5700
CHRS,25-Feb-2011,3.27,3.32,3.18,3.31,291100
CHRW,25-Feb-2011,72.01,72.6,71.45,72.55,1191200
CHSCP,25-Feb-2011,29.52,29.6,29.47,29.47,25000
CHTR,25-Feb-2011,45.16,45.6,44.66,45.5,597500
CIDM,25-Feb-2011,16.9,17,16.6,16.6,5200
CINF,25-Feb-2011,33.54,33.73,33.43,33.7,697600
CISG,25-Feb-2011,17.24,17.33,16.89,17.3,422700
CIZN,25-Feb-2011,20.3,20.3,19.9,20.19,4100
CJJD,25-Feb-2011,3.9,3.98,3.85,3.88,29500
CKEC,25-Feb-2011,7.19,7.2,7.05,7.2,54600
CLBH,25-Feb-2011,3.79,4.12,3.79,4.1,5300
CLCT,25-Feb-2011,13.9,13.91,13.68,13.82,32100
CLDX,25-Feb-2011,3.9,3.92,3.85,3.87,232400
CLFD,25-Feb-2011,5.23,5.48,5.07,5.34,126900
CLMS,25-Feb-2011,16.51,16.9,16.4,16.9,82800
CLMT,25-Feb-2011,21.05,21.18,20.92,21.12,1026000
CLNE,25-Feb-2011,14.69,14.7,13.85,14.42,2086100
CLRO,25-Feb-2011,4.43,4.52,4.41,4.41,3900
CLSN,25-Feb-2011,2.4,2.53,2.4,2.49,33200
CLUB,25-Feb-2011,4.55,4.69,4.51,4.53,24300
CLWT,25-Feb-2011,7.15,7.15,7.15,7.15,0
CMCO,25-Feb-2011,17.24,17.69,17.24,17.62,35300
CMCSA,25-Feb-2011,24.96,25.36,24.77,25.26,13009300
CME,25-Feb-2011,61.006,62.882,60.922,62.71,673200
CMLS,25-Feb-2011,39.2,40.56,38.96,39.36,48600
CMTL,25-Feb-2011,27.15,27.37,26.88,27.1,138500
CNBKA,25-Feb-2011,27.07,27.77,26.91,27.33,4700
CNET,25-Feb-2011,4.19,4.19,4.01,4.01,13400
CNIT,25-Feb-2011,4.54,4.9,4.52,4.88,221400
CNMD,25-Feb-2011,26.66,26.79,26.4,26.54,103900
CNOB,25-Feb-2011,9.15,9.19,9.1,9.14,13400
CNSL,25-Feb-2011,17.98,18.16,17.89,18.15,69500
CNTF,25-Feb-2011,20.1,20.7,20.05,20.4,138800
CNTY,25-Feb-2011,2.68,2.68,2.53,2.55,52700
COBZ,25-Feb-2011,6.54,6.8,6.35,6.74,146300
COHR,25-Feb-2011,59.01,61.08,59,61.02,202400
COHU,25-Feb-2011,14.7,15.3,14.59,15.26,59100
COKE,25-Feb-2011,55.28,55.68,55.07,55.68,7000
COLB,25-Feb-2011,19.55,20.09,19.55,20.07,154700
COLM,25-Feb-2011,30.82,31.715,30.74,31.34,126400
CONN,25-Feb-2011,4.38,4.59,4.36,4.54,120500
COOL,25-Feb-2011,61.74,66.36,60.48,66.36,576000
CORE,25-Feb-2011,8.335,8.445,8.3075,8.375,38600
CORT,25-Feb-2011,3.83,3.91,3.75,3.79,206400
COST,25-Feb-2011,73.25,74.03,73.24,73.57,1818000
COWN,25-Feb-2011,4.31,4.31,4.27,4.31,196200
CPHC,25-Feb-2011,12.63,12.63,12.2,12.52,400
CPHD,25-Feb-2011,25.32,26.45,25.32,26.44,324500
CPIX,25-Feb-2011,5.94,6.19,5.91,6.19,33700
CPLA,25-Feb-2011,57.84,58.57,56.8,57.06,192100
CPLP,25-Feb-2011,9.9,9.97,9.86,9.88,156500
CPRT,25-Feb-2011,20.37,20.675,20.36,20.595,696500
CPRX,25-Feb-2011,1.12,1.16,1.12,1.14,16200
CPSI,25-Feb-2011,52.52,54.18,52.13,54.15,53000
CPSS,25-Feb-2011,1.25,1.25,1.22,1.22,2700
CPST,25-Feb-2011,30,30.8,29.6,30.2,3019900
CRAI,25-Feb-2011,24.82,25.86,24.82,25.77,19800
CRAY,25-Feb-2011,7.27,7.54,7.23,7.53,168900
CREE,25-Feb-2011,52.92,53.47,52.42,53.18,1210900
CREG,25-Feb-2011,29.1,29.1,28.2,28.3,9100
CRESY,25-Feb-2011,16.86,17.23,16.86,17.04,61400
CRIS,25-Feb-2011,2.84,3.04,2.82,3,568600
CRME,25-Feb-2011,27.65,29.2,27.65,29,281500
CRMT,25-Feb-2011,25.46,25.65,24.78,24.89,68400
CRNT,25-Feb-2011,12.18,12.56,12.17,12.51,174300
CROX,25-Feb-2011,18.8,19,17.38,17.69,6232600
CRUS,25-Feb-2011,23.3,23.84,22.91,23.8,2370000
CRVL,25-Feb-2011,24.005,24.7,23.81,24.7,24900
CRWS,25-Feb-2011,5,5.05,5,5.05,600
CRZO,25-Feb-2011,36.29,37.48,36.29,37.44,823400
CSBK,25-Feb-2011,11.38,11.43,11.27,11.4,25400
CSCO,25-Feb-2011,18.51,18.7,18.47,18.64,49209500
CSFL,25-Feb-2011,7.14,7.36,7.07,7.32,40000
CSGP,25-Feb-2011,56.29,57.33,56.29,57.23,192700
CSGS,25-Feb-2011,19.35,19.85,19.34,19.81,357700
CSII,25-Feb-2011,9,9.34,8.75,9.31,105200
CSIQ,25-Feb-2011,15.99,16.05,15.07,15.4,1179000
CSPI,25-Feb-2011,4.19,4.24,4.19,4.24,4100
CSTR,25-Feb-2011,45.05,45.8,43.86,44.38,2546200
CSWC,25-Feb-2011,24.4375,24.68,24.365,24.68,1800
CSX,25-Feb-2011,24.1833,24.5133,24.0433,24.44,2439600
CTAS,25-Feb-2011,27.82,28.1,27.72,28.1,640500
CTBI,25-Feb-2011,28.82,29.2,28.52,29.16,14000
CTHR,25-Feb-2011,3.9,3.98,3.71,3.94,92700
CTIB,25-Feb-2011,6.59,6.59,6.36,6.48,8100
CTIC,25-Feb-2011,1.4,1.4,1.35,1.4,4183900
CTRN,25-Feb-2011,21.4,21.93,21.27,21.73,140000
CTRP,25-Feb-2011,19.57,20.035,19.525,19.885,2333900
CTSH,25-Feb-2011,37.505,38.3,37.5,38.255,1868200
CTWS,25-Feb-2011,24.88,25.24,24.68,25.16,12100
CTXS,25-Feb-2011,68.66,71.66,68.65,70.93,2467200
CUBA,25-Feb-2011,7.17,7.25,7.11,7.2,14900
CUTR,25-Feb-2011,9.38,9.5,9.3,9.47,29900
CVBF,25-Feb-2011,8.31,8.42,8.25,8.38,578200
CVCO,25-Feb-2011,40.53,40.55,39.43,40.55,8700
CVCY,25-Feb-2011,6.05,6.05,5.95,5.95,1900
CVGI,25-Feb-2011,15.58,15.87,15.45,15.62,142000
CVGW,25-Feb-2011,23.8,24.12,23.6,23.97,41500
CVLT,25-Feb-2011,34.76,35.92,34.48,35.25,644300
CVLY,25-Feb-2011,10.49,10.64,10.49,10.64,3300
CVTI,25-Feb-2011,8.9,8.92,8.55,8.79,50100
CVV,25-Feb-2011,11.04,11.48,11.04,11.41,70000
CWBC,25-Feb-2011,4.62,4.65,4.41,4.44,2400
CWCO,25-Feb-2011,10.5,10.99,10.39,10.83,36100
CWST,25-Feb-2011,6.99,7.51,6.84,7.48,138700
CXDC,25-Feb-2011,7.02,7.23,6.99,7.18,101800
CY,25-Feb-2011,21.44,21.95,21.4,21.83,23333000
CYAN,25-Feb-2011,3.23,3.41,3.11,3.36,22300
CYBE,25-Feb-2011,8.76,9.07,8.6,8.99,7900
CYCC,25-Feb-2011,114.24,114.24,110.88,112.56,401300
CYCCP,25-Feb-2011,4.18,4.18,4.18,4.18,0
CYNO,25-Feb-2011,13.31,13.72,13.3,13.71,31800
CYOU,25-Feb-2011,38,38.42,36.83,37.58,103200
CYTK,25-Feb-2011,9.18,9.3,9,9.18,375100
CYTR,25-Feb-2011,6.44,7.35,6.3,7.14,1895600
CYTX,25-Feb-2011,84,86.7,83.4,86.55,293900
CYTXW,25-Feb-2011,3.66,3.8,3.66,3.8,8800
CZFC,25-Feb-2011,8.97,8.97,8.97,8.97,0
CZNC,25-Feb-2011,14.82,15.66,14.82,15.53,17300
CZWI,25-Feb-2011,5.24,5.24,5.1,5.15,2600
DAIO,25-Feb-2011,5.9,5.94,5.76,5.88,16300
DAKT,25-Feb-2011,11.09,11.69,11,11.64,480600
DAVE,25-Feb-2011,10.24,10.96,10.07,10.31,46400
DCIX,25-Feb-2011,96.48,98.48,96,96.16,12900
DCOM,25-Feb-2011,15.35,15.57,15.14,15.55,72800
DCTH,25-Feb-2011,99.84,102.4,97.28,100.64,1447400
DENN,25-Feb-2011,3.92,3.97,3.91,3.93,377500
DEPO,25-Feb-2011,8.21,8.75,8.16,8.59,1197600
DEST,25-Feb-2011,21.645,22.435,21.5,22.285,32000
DGAS,25-Feb-2011,15.425,15.625,15.255,15.625,1400
DGICA,25-Feb-2011,12.63,12.9,12.39,12.73,12700
DGICB,25-Feb-2011,18.5,18.5,18.5,18.5,0
DGII,25-Feb-2011,11.76,11.96,11.66,11.75,77600
DGLY,25-Feb-2011,1.71,1.8,1.68,1.68,40200
DHIL,25-Feb-2011,74,74.06,73.07,74.06,14000
DHRM,25-Feb-2011,5.47,5.47,5.39,5.41,8100
DIOD,25-Feb-2011,29.25,29.76,28.96,29.55,269900
DISCA,25-Feb-2011,42.74,43.25,42.73,42.91,939000
DISCK,25-Feb-2011,19.05,19.21,19.01,19.065,413000
DISH,25-Feb-2011,22.64,23.6,22.58,23.45,2665700
DJCO,25-Feb-2011,72,72,72,72,200
DLBL,25-Feb-2011,46.23,46.23,46.23,46.23,100
DLBS,25-Feb-2011,53.33,53.41,53.05,53.05,1700
DLTR,25-Feb-2011,25.43,25.52,24.975,25.235,1777800
DMLP,25-Feb-2011,27.7,27.89,27.25,27.55,47200
DMRC,25-Feb-2011,29.08,29.5,28.96,29.46,13500
DNBF,25-Feb-2011,10.32,10.81,10.32,10.81,1600
DORM,25-Feb-2011,16.735,17.24,16.525,17.135,95800
DRAD,25-Feb-2011,2.42,2.46,2.36,2.46,17800
DRAM,25-Feb-2011,39.6,41.94,39.6,40.68,19100
DRRX,25-Feb-2011,3.16,3.29,3.11,3.29,125300
DRWI,25-Feb-2011,183.5,200,182.5,199,617100
DRYS,25-Feb-2011,7350,7395,7290,7350,8411900
DSCI,25-Feb-2011,10.5,10.59,10,10.29,26300
DSGX,25-Feb-2011,6.83,6.99,6.64,6.7,6500
DSPG,25-Feb-2011,7.85,8.05,7.79,8.01,54700
DSWL,25-Feb-2011,3.36,3.5,3.36,3.38,14200
DTLK,25-Feb-2011,7.5,7.55,6.96,7.11,188900
DTSI,25-Feb-2011,44.93,45.85,44.83,45.75,108200
DTUS,25-Feb-2011,49.65,49.65,49.65,49.65,300
DTYS,25-Feb-2011,53.51,53.6,53.14,53.15,4700
DVAX,25-Feb-2011,29.4,29.7,29.2,29.7,467700
DWCH,25-Feb-2011,5.24,5.25,5.05,5.07,12900
DWSN,25-Feb-2011,48,49.1,47.73,49.08,77900
DXCM,25-Feb-2011,14.36,14.75,14.3,14.73,210600
DXPE,25-Feb-2011,20.48,21.14,20.32,21.08,39600
DXYN,25-Feb-2011,4.71,4.89,4.63,4.74,11300
DYNT,25-Feb-2011,4.55,4.7,4.4,4.4,13600
DYSL,25-Feb-2011,4.8,4.8,4.8,4.8,0
EBAY,25-Feb-2011,13.9663,14.2189,13.9537,14.16,10394900
EBIX,25-Feb-2011,24.43,24.71,24.22,24.62,423100
EBMT,25-Feb-2011,11.38,11.38,11.38,11.38,0
EBSB,25-Feb-2011,5.241,5.3595,5.241,5.3227,20900
EBTC,25-Feb-2011,14.61,14.64,14.61,14.64,700
ECHO,25-Feb-2011,12.24,12.25,11.89,11.95,221700
ECOL,25-Feb-2011,16.65,16.86,16.51,16.83,27900
ECPG,25-Feb-2011,26.47,27.65,26.47,27.48,83100
ECYT,25-Feb-2011,7.16,7.46,7.1,7.43,26400
EDAP,25-Feb-2011,3.33,3.39,3.3,3.38,76800
EDGW,25-Feb-2011,2.39,2.4,2.29,2.36,16800
EDUC,25-Feb-2011,6.72,6.72,6.72,6.72,200
EEFT,25-Feb-2011,17.52,18.09,17.52,18.06,100700
EEI,25-Feb-2011,14.83,15.01,14.83,14.83,3500
EFII,25-Feb-2011,15.22,15.46,15.1,15.44,131400
EFOI,25-Feb-2011,1.02,1.05,1,1.05,30900
EFSC,25-Feb-2011,13.02,13.26,12.97,13.26,28200
EFUT,25-Feb-2011,6.05,6.23,5.93,6.04,26900
EGBN,25-Feb-2011,14.21,14.73,14.16,14.67,27400
EGHT,25-Feb-2011,2.49,2.61,2.42,2.61,334400
EGLE,25-Feb-2011,6019.2,6048,5904,5947.2,1060000
EGOV,25-Feb-2011,10.08,10.21,10.02,10.19,132900
EHTH,25-Feb-2011,12.3,12.71,12.22,12.68,169500
ELGX,25-Feb-2011,5.94,5.95,5.55,5.87,469500
ELNK,25-Feb-2011,8.25,8.35,8.24,8.33,1244600
ELON,25-Feb-2011,89.5,90.2,87.7,88.8,104400
ELOS,25-Feb-2011,14.84,14.85,14.43,14.74,391800
ELSE,25-Feb-2011,4.55,4.65,4.55,4.65,300
ELTK,25-Feb-2011,1.19,1.22,1.18,1.21,1500
EMCF,25-Feb-2011,17.75,17.75,17.55,17.55,500
EMCI,25-Feb-2011,16.72,16.8533,16.6733,16.7867,6600
EMIF,25-Feb-2011,33.15,33.33,33.15,33.32,6300
EMITF,25-Feb-2011,721.8,721.8,721.8,721.8,0
EMKR,25-Feb-2011,9.92,10.6,9.92,10.48,2584800
EMMS,25-Feb-2011,4.56,4.6,4.36,4.48,226200
ENDP,25-Feb-2011,33.58,34.48,33.52,34.33,923100
ENG,25-Feb-2011,4.75,4.99,4.75,4.87,110800
ENOC,25-Feb-2011,18.92,19.03,18.8,19.02,243800
ENSG,25-Feb-2011,14.825,15.375,14.825,15.335,83400
ENTG,25-Feb-2011,8.68,8.98,8.57,8.9,1035700
EPAY,25-Feb-2011,21.38,22.21,21.2,22.16,192100
EQIX,25-Feb-2011,86.8,88.5,86.77,87.49,927700
ERIC,25-Feb-2011,12.38,12.44,12.32,12.43,1794300
ERIE,25-Feb-2011,68.44,69.46,68.02,69.23,66900
ERII,25-Feb-2011,3.3,3.34,3.29,3.31,183200
ESBK,25-Feb-2011,17.18,17.67,17.18,17.67,200
ESCA,25-Feb-2011,5.44,5.53,5.44,5.5,17000
ESEA,25-Feb-2011,3.91,3.98,3.83,3.89,136500
ESGR,25-Feb-2011,81.69,83.38,81.1,82.92,10500
ESIO,25-Feb-2011,14.98,15.25,14.91,15.16,70900
ESLT,25-Feb-2011,49.92,50.51,49.9,50.51,2900
ESMC,25-Feb-2011,1.28,1.7,1.28,1.45,25200
ESRX,25-Feb-2011,54.51,55.63,54.25,55.43,3894400
ESSA,25-Feb-2011,12.85,13,12.85,12.99,16000
ETFC,25-Feb-2011,16.04,16.1,15.89,15.89,5981300
ETRM,25-Feb-2011,38.55,39.15,37.8,38.25,36300
EUFN,25-Feb-2011,24.01,24.13,24.01,24.13,1000
EVBS,25-Feb-2011,3.86,3.86,3.75,3.85,5700
EVEP,25-Feb-2011,44.95,45.24,44.71,45.06,139600
EVK,25-Feb-2011,2.04,2.05,1.9,2.05,13200
EVOL,25-Feb-2011,7.96,8,7.91,7.96,18400
EWBC,25-Feb-2011,22.28,22.99,22.24,22.98,1600400
EXAC,25-Feb-2011,17.97,18.76,17.95,18.56,21100
EXAS,25-Feb-2011,5.17,5.5,5.15,5.42,859600
EXEL,25-Feb-2011,11.63,11.85,11.48,11.82,1720700
EXFO,25-Feb-2011,10.96,11.17,10.82,11.16,76800
EXLS,25-Feb-2011,20.82,21.75,20.5,21.68,46800
EXPD,25-Feb-2011,48.02,48.32,47.57,47.67,1568100
EXPE,25-Feb-2011,20.31,20.32,19.89,20.14,6798700
EXPO,25-Feb-2011,19.04,19.55,19.015,19.52,40300
EXTR,25-Feb-2011,3.75,3.82,3.69,3.79,991500
EZPW,25-Feb-2011,28.28,28.72,28.18,28.55,278600
FALC,25-Feb-2011,4.53,4.63,4.52,4.62,119500
FARM,25-Feb-2011,12.92,13.01,12.71,12.76,29100
FARO,25-Feb-2011,35.04,36.27,35,35.9,127700
FAST,25-Feb-2011,30.515,30.78,30.48,30.755,479100
FBIZ,25-Feb-2011,11.85,12.3,11.85,12.3,19700
FBMS,25-Feb-2011,9,9,9,9,0
FBNC,25-Feb-2011,14.52,14.73,14.4,14.69,16600
FBSS,25-Feb-2011,13.4,13.4,13.2,13.2,500
FCAP,25-Feb-2011,16.2,16.2,16.2,16.2,0
FCBC,25-Feb-2011,12.53,12.64,12.43,12.52,91400
FCCO,25-Feb-2011,6.65,6.75,6.2,6.5,12000
FCCY,25-Feb-2011,9.01,9.08,8.91,8.96,1700
FCEL,25-Feb-2011,20.04,20.88,19.8,20.88,1306000
FCNCA,25-Feb-2011,201,202.18,200.8,202,9000
FDEF,25-Feb-2011,14.26,14.42,14.15,14.2,7600
FDML,25-Feb-2011,20.35,21.16,20.3,21.02,95300
FEIM,25-Feb-2011,7.84,7.95,7.75,7.84,26800
FELE,25-Feb-2011,21.125,21.495,21.12,21.37,70400
FFBC,25-Feb-2011,16.5,16.98,16.5,16.98,190800
FFBCW,25-Feb-2011,6.69,6.69,6.69,6.69,0
FFHL,25-Feb-2011,4.55,5,4.44,4.9,133600
FFIC,25-Feb-2011,14.34,14.71,14.29,14.67,107300
FFIN,25-Feb-2011,16.2967,16.6667,16.2134,16.6567,55300
FFIV,25-Feb-2011,120.97,122.65,118.64,120.18,2690500
FFKT,25-Feb-2011,7.53,7.6,7.44,7.57,4600
FFNW,25-Feb-2011,5.89,5.95,5.8,5.9,94000
FHCO,25-Feb-2011,5.07,5.28,5.05,5.27,52100
FIBK,25-Feb-2011,14.17,14.34,13.5,14.2,363300
FINL,25-Feb-2011,17.26,17.59,16.98,17.34,831100
FISI,25-Feb-2011,18.99,19.6,18.94,19.5,24500
FISV,25-Feb-2011,31.13,31.605,31.08,31.5,937800
FITB,25-Feb-2011,14.67,14.89,14.54,14.6,22403200
FIZZ,25-Feb-2011,12.9,12.9,12.6,12.83,22100
FLAT,25-Feb-2011,45.94,46,45.83,45.98,29200
FLDM,25-Feb-2011,13.85,14.85,13.75,14.4,38000
FLEX,25-Feb-2011,8.15,8.25,7.96,8.12,4928800
FLIC,25-Feb-2011,17.9,18.0267,17.7467,17.9867,9400
FLIR,25-Feb-2011,31.92,32.05,31.76,31.99,814300
FLML,25-Feb-2011,6.46,6.6,6.24,6.44,25800
FLWS,25-Feb-2011,2.63,2.75,2.57,2.73,98000
FLXS,25-Feb-2011,15.03,15.03,14.7,14.7,3500
FMBI,25-Feb-2011,11.9,12.09,11.8,12.03,449500
FNGN,25-Feb-2011,24,24.43,23.56,24.02,453900
FNLC,25-Feb-2011,14.42,15,14.42,15,8600
FNSR,25-Feb-2011,40.13,41.3,39.73,41.1,2870400
FOLD,25-Feb-2011,6.37,6.42,6.32,6.39,3800
FONE,25-Feb-2011,29.41,29.68,29.41,29.68,56000
FONR,25-Feb-2011,1.9,2.07,1.87,2.04,159400
FORD,25-Feb-2011,3.55,3.64,3.54,3.64,19200
FORM,25-Feb-2011,9.57,10.24,9.57,10.03,1726300
FORR,25-Feb-2011,35.81,36.34,35.81,36.25,51000
FORTY,25-Feb-2011,18.65,18.79,18.21,18.79,6300
FOSL,25-Feb-2011,75.51,78,74.82,77.87,1220600
FRBK,25-Feb-2011,3,3,2.88,2.88,10500
FRED,25-Feb-2011,13.82,13.97,13.59,13.95,175800
FRME,25-Feb-2011,8.64,8.96,8.61,8.94,34900
FRP,25-Feb-2011,22.76,23.17,22.35,22.5,77100
FRPT,25-Feb-2011,5.05,5.08,4.91,4.98,657600
FSBK,25-Feb-2011,5.36,5.41,5.25,5.37,19200
FSFG,25-Feb-2011,16.65,16.65,16.65,16.65,0
FSLR,25-Feb-2011,161.02,161.51,155,155.72,3320100
FSTR,25-Feb-2011,40.85,41.78,40.56,41.68,46800
FTEK,25-Feb-2011,7.28,7.64,7.2,7.54,130000
FTNT,25-Feb-2011,20.565,21.01,20.39,20.75,1263500
FUEL,25-Feb-2011,1.74,1.74,1.56,1.7,272800
FULL,25-Feb-2011,8.55,8.66,8.5,8.5,2300
FULT,25-Feb-2011,10.34,10.62,10.29,10.61,1204100
FUNC,25-Feb-2011,3.87,3.89,3.6,3.65,1900
FUND,25-Feb-2011,7.93,8.04,7.88,8.02,38500
FWRD,25-Feb-2011,29.83,30.24,29.48,29.87,69200
GABC,25-Feb-2011,17.25,17.28,17.07,17.26,13500
GAIA,25-Feb-2011,7.74,7.77,7.46,7.74,18400
GAIN,25-Feb-2011,7.85,8.13,7.78,8.06,57100
GALT,25-Feb-2011,6.96,7.32,6.9,7.2,83100
GASS,25-Feb-2011,6.82,6.94,6.78,6.88,20000
GBCI,25-Feb-2011,15.04,15.44,15.01,15.44,491700
GBDC,25-Feb-2011,17.14,17.38,16.77,17.36,21200
GBLI,25-Feb-2011,20.93,22.13,20.93,22.05,31400
GBNK,25-Feb-2011,6.45,6.5,6.35,6.5,13500
GCBC,25-Feb-2011,9.125,9.125,9.125,9.125,100
GENC,25-Feb-2011,5.2667,5.4,5.18,5.3333,16700
GENE,25-Feb-2011,13.75,16.5,13.75,15.85,89600
GERN,25-Feb-2011,4.86,4.91,4.82,4.86,1123700
GEVO,25-Feb-2011,294,305.7,292.95,299.1,117000
GFED,25-Feb-2011,6.2,6.25,6.15,6.15,300
GFN,25-Feb-2011,3.32,3.6,3.18,3.4,1300
GGAL,25-Feb-2011,14.14,14.43,13.91,14.39,181700
GHDX,25-Feb-2011,23.39,24.3,23.34,24.26,133600
GIFI,25-Feb-2011,29,31.81,28.77,30.4,153200
GIGA,25-Feb-2011,2.4,2.64,2.4,2.63,5100
GIGM,25-Feb-2011,5.75,5.85,5.65,5.75,216200
GIII,25-Feb-2011,19.28,19.8,18.975,19.405,198500
GILD,25-Feb-2011,19.45,19.625,19.24,19.505,7078300
GILT,25-Feb-2011,5.11,5.19,5.02,5.16,22900
GLAD,25-Feb-2011,11.22,11.52,11.22,11.45,89200
GLBL,25-Feb-2011,8.18,8.63,8.01,8.62,2169400
GLBS,25-Feb-2011,35.88,36,31.76,31.76,2400
GLBZ,25-Feb-2011,8.32,8.4,8.31,8.4,1800
GLDD,25-Feb-2011,7.84,7.93,7.47,7.56,1114900
GLNG,25-Feb-2011,18.33,19.05,18.29,18.99,293600
GLRE,25-Feb-2011,27.46,28.83,27.34,28.78,56600
GLUU,25-Feb-2011,4.24,4.71,4.23,4.71,3854800
GMAN,25-Feb-2011,14.79,15.59,14.54,15.41,65400
GNCMA,25-Feb-2011,11.55,11.98,11.44,11.95,127700
GNMK,25-Feb-2011,4.32,4.7,4.2,4.22,6400
GNTX,25-Feb-2011,15.265,15.35,14.3,15.325,2393600
GNVC,25-Feb-2011,4.6,4.6,4.4,4.5,225700
GOLD,25-Feb-2011,80.43,81.3,79.88,81.3,356900
GOOD,25-Feb-2011,18.51,18.63,18.45,18.63,46000
GOODO,25-Feb-2011,25,25,25,25,200
GOODP,25-Feb-2011,24.82,24.99,24.82,24.94,1600
GOOG,25-Feb-2011,305.75,307.36,304.75,305.02,1935800
GPIC,25-Feb-2011,7.4,7.4,7.18,7.19,7700
GPOR,25-Feb-2011,28.76,29.4,28.59,29.39,448600
GPRE,25-Feb-2011,11.61,11.7,11.5,11.62,168500
GPRO,25-Feb-2011,62.09,63.22,61.85,63.21,215600
GRID,25-Feb-2011,34.11,34.11,34.09,34.09,300
GRIF,25-Feb-2011,32.27,33.05,32.27,33.05,2000
GRMN,25-Feb-2011,32.54,33.3,32.48,33.17,1690900
GROW,25-Feb-2011,7.59,7.97,7.55,7.91,45200
GRVY,25-Feb-2011,15.76,16.4,15.76,16.4,25200
GSBC,25-Feb-2011,20.7,21.66,20.69,21.54,26200
GSIT,25-Feb-2011,9.33,9.48,9.25,9.45,92500
GSM,25-Feb-2011,21.17,22.62,21.17,22.41,642200
GSOL,25-Feb-2011,11.02,11.38,10.85,11.35,35300
GT,25-Feb-2011,13.65,13.94,13.52,13.9,3825800
GTIM,25-Feb-2011,2.72,2.89,2.72,2.89,1200
GTLS,25-Feb-2011,44.52,45.47,43.25,45.12,493700
GTXI,25-Feb-2011,2.62,2.74,2.59,2.61,138100
GUID,25-Feb-2011,7.55,7.79,7.48,7.76,20500
GULF,25-Feb-2011,16,16.11,15.73,15.77,39800
GYRO,25-Feb-2011,79,79,79,79,0
HA,25-Feb-2011,6.73,6.83,6.63,6.68,372800
HAFC,25-Feb-2011,1.31,1.32,1.3,1.31,561800
HAIN,25-Feb-2011,14.79,14.98,14.585,14.885,418400
HALL,25-Feb-2011,8.63,8.95,8.44,8.95,40700
HALO,25-Feb-2011,6.62,6.95,6.58,6.9,281300
HAS,25-Feb-2011,44.14,44.7,43.91,44.61,1022900
HAYN,25-Feb-2011,50.98,51.59,50.51,51.16,53500
HBAN,25-Feb-2011,6.92,6.99,6.86,6.93,17208200
HBANP,25-Feb-2011,1160,1165,1142.12,1160,100
HBCP,25-Feb-2011,14.44,14.61,14.26,14.52,10600
HBHC,25-Feb-2011,33.75,34.81,33.67,34.61,168400
HBIO,25-Feb-2011,4.47,4.52,4.3,4.35,150900
HBNC,25-Feb-2011,8.6459,8.6519,8.6459,8.6489,300
HCCI,25-Feb-2011,11.26,11.98,11.26,11.73,2200
HCKT,25-Feb-2011,3.61,3.62,3.58,3.59,118800
HCSG,25-Feb-2011,17.35,17.65,17.25,17.65,253600
HDNG,25-Feb-2011,11.5,12.88,11.5,12.35,360300
HDSN,25-Feb-2011,1.9,1.91,1.87,1.88,48900
HEES,25-Feb-2011,15.41,15.68,15.11,15.64,146100
HELE,25-Feb-2011,28.6,28.93,27.63,28.29,274300
HEOP,25-Feb-2011,3.5,3.6,3.5,3.56,154200
HFBC,25-Feb-2011,9.45,9.45,9.29,9.45,2000
HFBL,25-Feb-2011,13.2,13.2,13.2,13.2,1200
HFWA,25-Feb-2011,14.78,15,14.66,15,24000
HGSH,25-Feb-2011,2.79,2.8,2.7,2.7,1800
HIBB,25-Feb-2011,31.12,31.19,30.59,31,428100
HIFS,25-Feb-2011,50.05,50.05,50.05,50.05,0
HIHO,25-Feb-2011,3.36,3.71,3.25,3.51,5500
HIMX,25-Feb-2011,2.5,2.54,2.46,2.53,149100
HLIT,25-Feb-2011,9.56,9.68,9.47,9.6,606300
HMNF,25-Feb-2011,2.37,3.12,2.32,2.92,12500
HMSY,25-Feb-2011,24.4233,24.8333,24.4,24.8333,191600
HNH,25-Feb-2011,11.7,12.05,11.61,12.05,9100
HNRG,25-Feb-2011,10.15,10.33,10.1,10.17,6300
HOFT,25-Feb-2011,12.87,13.6,12.85,13.56,20200
HOLI,25-Feb-2011,14.94,15.5,14.69,15.12,388700
HOLX,25-Feb-2011,19.88,20.59,19.88,20.56,2098400
HOMB,25-Feb-2011,5.46,5.685,5.46,5.6825,52400
HOVNP,25-Feb-2011,8.1,8.1,7.94,7.94,200
HPJ,25-Feb-2011,3.24,3.3,3.19,3.28,37200
HRZN,25-Feb-2011,15.81,15.94,15.76,15.81,37000
HSIC,25-Feb-2011,67.82,69.42,67.73,69.42,688500
HSII,25-Feb-2011,26.63,27.6,26.39,27.53,74100
HSKA,25-Feb-2011,5.61,6.04,5.41,6.04,9700
HSNI,25-Feb-2011,31.7,32.4,30.99,32.26,423900
HSTM,25-Feb-2011,7.53,7.8,7.52,7.7,27700
HTBK,25-Feb-2011,4.82,5,4.82,4.88,15800
HTHT,25-Feb-2011,16.41,16.58,16.16,16.43,354800
HTLD,25-Feb-2011,16.57,16.8,16.56,16.63,886900
HTLF,25-Feb-2011,16.16,17.02,16.16,16.8,25500
HUBG,25-Feb-2011,34.94,36.09,34.8,35.38,423300
HURC,25-Feb-2011,28.85,30.26,28.75,30,41300
HURN,25-Feb-2011,29.07,29.68,28.69,28.83,231900
HWAY,25-Feb-2011,13.49,14,13.3,13.97,149000
HWBK,25-Feb-2011,9.15,9.17,8.86,9.04,1800
HWCC,25-Feb-2011,12.84,13.27,12.84,13.22,23200
HWKN,25-Feb-2011,38.96,39.4,38.52,38.86,41700
HYGS,25-Feb-2011,4.86,4.93,4.8,4.91,2900
IART,25-Feb-2011,48.36,49.63,48.36,49.51,227200
IBB,25-Feb-2011,92.95,94.59,92.94,94.52,329400
IBCP,25-Feb-2011,3.93,4.18,3.93,4,283800
IBKC,25-Feb-2011,56.57,57.73,55.54,57.71,186200
IBKR,25-Feb-2011,15.47,15.56,15.37,15.55,307200
IBOC,25-Feb-2011,18.46,19.06,18.43,19.04,163600
ICAD,25-Feb-2011,1.27,1.31,1.26,1.3,48500
ICCC,25-Feb-2011,3.07,3.07,3.07,3.07,300
ICFI,25-Feb-2011,22.28,22.55,22.06,22.19,92200
ICLN,25-Feb-2011,17.61,17.61,17.36,17.4,11500
ICLR,25-Feb-2011,20,20.34,19.66,19.79,1346800
ICON,25-Feb-2011,21.54,22.73,21.45,22.73,1875500
ICUI,25-Feb-2011,40.73,42.11,40.73,42.09,57000
IDCC,25-Feb-2011,47.4,48.81,46.57,48.37,1537900
IDRA,25-Feb-2011,2.73,2.73,2.66,2.7,11200
IDSA,25-Feb-2011,11.11,11.25,10.86,11.01,76100
IDSY,25-Feb-2011,4.85,4.89,4.69,4.75,25700
IDTI,25-Feb-2011,7.73,7.97,7.71,7.85,1674400
IDXX,25-Feb-2011,36.77,38.825,36.77,38.825,291900
IESC,25-Feb-2011,3.63,3.78,3.63,3.76,7800
IFEU,25-Feb-2011,31.14,31.62,31.14,31.57,13300
IFGL,25-Feb-2011,31.36,31.56,31.26,31.56,22100
IFON,25-Feb-2011,1,1.04,0.99,1.01,51300
IGLD,25-Feb-2011,28.81,29.39,28.59,29.39,3600
IGOV,25-Feb-2011,103.55,103.66,103.26,103.28,11000
III,25-Feb-2011,2.25,2.32,2.23,2.28,49600
IIIN,25-Feb-2011,12.36,12.5,12.16,12.26,65800
IIJI,25-Feb-2011,7.89,7.93,7.81,7.9,45000
IIN,25-Feb-2011,3.94,3.94,3.94,3.94,0
IIVI,25-Feb-2011,24.75,25.62,24.625,25.585,133600
IKNX,25-Feb-2011,8.19,8.47,8.19,8.47,500
ILMN,25-Feb-2011,68.25,69.9,68.21,69.54,1408900
IMGN,25-Feb-2011,8.81,9.08,8.7,9.03,336200
IMKTA,25-Feb-2011,18.67,19,18.6,18.97,15100
IMMR,25-Feb-2011,6.88,7.12,6.74,7.07,77000
IMMU,25-Feb-2011,3.49,3.59,3.41,3.58,722500
IMMY,25-Feb-2011,2,2,2,2,700
INAP,25-Feb-2011,6.82,7.29,6.65,7.03,1855300
INCY,25-Feb-2011,13.52,13.91,13.49,13.91,983900
INDB,25-Feb-2011,26.07,26.94,25.97,26.87,41400
INDY,25-Feb-2011,26.88,27.02,26.79,26.98,55600
INFI,25-Feb-2011,5.6,5.85,5.6,5.85,14400
INFN,25-Feb-2011,7.98,8.18,7.93,8.13,1354800
ININ,25-Feb-2011,33.66,34.62,33.53,34.46,93700
INOD,25-Feb-2011,2.74,2.79,2.7,2.71,58500
INSM,25-Feb-2011,0.55,0.55,0.53,0.55,126600
INTC,25-Feb-2011,21.5,22,21.46,21.86,53475600
INTG,25-Feb-2011,21.22,21.22,21.22,21.22,100
INTL,25-Feb-2011,24.32,25.1,24,24.57,41300
INTU,25-Feb-2011,51.86,52.8,51.69,52.4,2252300
INTX,25-Feb-2011,10.08,10.09,9.81,9.86,7500
INVE,25-Feb-2011,26.4,27.2,26.3,26.3,39200
INWK,25-Feb-2011,8.64,8.76,8.13,8.44,122100
IOSP,25-Feb-2011,26.89,27.08,26.15,26.96,139500
IPAR,25-Feb-2011,17.96,18.36,17.89,18.27,42000
IPAS,25-Feb-2011,1.41,1.47,1.4,1.47,318700
IPCC,25-Feb-2011,60.09,61.51,59.35,61.31,78900
IPCI,25-Feb-2011,4.15,4.38,4.05,4.22,34500
IPGP,25-Feb-2011,54.26,58.45,54.26,57.26,772000
IPHS,25-Feb-2011,41.22,42.86,41.22,42.81,70400
IPXL,25-Feb-2011,20.99,21.21,20.14,20.83,2061600
IRBT,25-Feb-2011,28.02,28.98,27.94,28.88,185300
IRDM,25-Feb-2011,9.05,9.4,9,9.35,874600
IRIX,25-Feb-2011,3.59,3.59,3.47,3.49,7000
IRWD,25-Feb-2011,11.85,12.5,11.5,12.21,295900
ISBC,25-Feb-2011,5.1804,5.2784,5.1529,5.2588,182400
ISCA,25-Feb-2011,28.37,28.43,27.79,28.11,175700
ISHG,25-Feb-2011,105.78,106.21,105.78,106.16,3200
ISIG,25-Feb-2011,7.2,7.2,6.62,6.88,149400
ISIL,25-Feb-2011,12.49,12.93,12.46,12.92,1780400
ISLE,25-Feb-2011,9.24,9.48,9.08,9.24,254200
ISNS,25-Feb-2011,13.5,13.91,13.5,13.5,2600
ISRG,25-Feb-2011,328.3,338,328.21,334.93,294200
ISRL,25-Feb-2011,62.34,64,61.32,63.99,1900
ISSC,25-Feb-2011,5.95,6,5.94,5.95,23300
ITIC,25-Feb-2011,31.47,31.51,30.4,31,9000
ITRI,25-Feb-2011,57.1,57.49,56.51,56.97,356700
ITRN,25-Feb-2011,15.89,16.01,15.72,15.85,19000
IVAC,25-Feb-2011,12.8,12.95,12.38,12.63,115500
IXYS,25-Feb-2011,12,12.19,11.84,12.15,55300
JACK,25-Feb-2011,21.9,22.2,21.64,22.14,682600
JAKK,25-Feb-2011,18.06,18.49,18,18.48,143200
JASO,25-Feb-2011,39.55,39.7,36.75,36.75,12217200
JAZZ,25-Feb-2011,24,24.6,23.86,24.48,411400
JBHT,25-Feb-2011,41.23,41.38,40.72,41.06,1118100
JBLU,25-Feb-2011,5.71,5.82,5.69,5.76,6751500
JBSS,25-Feb-2011,11.53,12.03,11.53,11.92,20400
JCOM,25-Feb-2011,29.13,29.16,28.78,29.13,290400
JCS,25-Feb-2011,15.28,15.86,15.15,15.69,3200
JCTCF,25-Feb-2011,4.875,5.195,4.875,5.1,20800
JJSF,25-Feb-2011,45.14,46.59,44.97,45.89,103500
JKHY,25-Feb-2011,31.25,31.78,31.22,31.78,316900
JMBA,25-Feb-2011,11.3,11.75,11.25,11.7,1072900
JOBS,25-Feb-2011,28.525,30.3,28.415,30.115,135700
JOUT,25-Feb-2011,15.01,15.36,14.78,15.25,8700
JRJC,25-Feb-2011,5.47,5.72,5.46,5.6,362100
JVA,25-Feb-2011,3.97,4.1,3.97,3.98,11400
JXSB,25-Feb-2011,12.5,12.5,12.5,12.5,0
KALU,25-Feb-2011,48.28,49.05,48.21,49.02,95100
KCAP,25-Feb-2011,8.31,8.41,8.3,8.31,74900
KELYA,25-Feb-2011,21.29,21.43,20.92,21.15,151900
KELYB,25-Feb-2011,21.94,21.94,21.94,21.94,0
KEQU,25-Feb-2011,13.81,13.81,13.75,13.75,500
KERX,25-Feb-2011,3.87,3.95,3.82,3.94,470400
KEYW,25-Feb-2011,13.27,13.67,13.19,13.46,39000
KFFB,25-Feb-2011,9.65,9.73,8.54,9,4000
KFRC,25-Feb-2011,16.78,17.91,16.78,17.8,274200
KGJI,25-Feb-2011,2.76,2.85,2.75,2.8,67500
KINS,25-Feb-2011,3.43,3.43,3.43,3.43,100
KIRK,25-Feb-2011,15.03,15.37,14.94,15.37,58300
KLAC,25-Feb-2011,48.1,49.04,47.78,48.96,1992500
KLIC,25-Feb-2011,9.39,9.73,9.35,9.73,995400
KNDI,25-Feb-2011,3.55,3.69,3.53,3.66,157000
KONA,25-Feb-2011,5.02,5.19,5.01,5.15,12800
KONE,25-Feb-2011,25.5,26.4,25.5,26.2,36000
KOOL,25-Feb-2011,54,57.2,53.2,56.4,76000
KOPN,25-Feb-2011,4.16,4.34,4.15,4.34,325500
KOSS,25-Feb-2011,6.99,7.2,6.75,7.2,11400
KRNY,25-Feb-2011,9.61,9.88,9.53,9.82,15500
KTCC,25-Feb-2011,4.66,4.75,4.61,4.62,46800
KTEC,25-Feb-2011,19.7,20.04,19.55,20.04,13500
KTOS,25-Feb-2011,14.26,14.62,14.13,14.52,224100
KVHI,25-Feb-2011,13.85,14.99,13.85,14.56,81600
KZ,25-Feb-2011,7.2,7.27,7.05,7.22,38100
LABL,25-Feb-2011,18.98,18.98,18.8,18.95,19600
LAKE,25-Feb-2011,8.28,8.36,8.1,8.28,5900
LAMR,25-Feb-2011,38.01,38.52,37.41,38.27,770200
LANC,25-Feb-2011,56.12,57.6,55.92,57.54,186500
LARK,25-Feb-2011,16.78,17,16.76,17,2500
LAWS,25-Feb-2011,23.98,24.32,23.59,24.14,10300
LAYN,25-Feb-2011,32.56,33.14,32.32,33.14,68800
LBAI,25-Feb-2011,9.47,9.85,9.4,9.84,171300
LBIX,25-Feb-2011,3.4,3.52,3.39,3.5,14400
LBTYA,25-Feb-2011,21.4921,22.0133,21.1344,21.8447,1897800
LBTYB,25-Feb-2011,42.38,42.38,42.38,42.38,0
LBTYK,25-Feb-2011,39.92,40.79,39.44,40.61,267600
LCUT,25-Feb-2011,12.23,12.33,12.12,12.26,17300
LECO,25-Feb-2011,34.945,35.4,34.805,35.24,120500
LEDS,25-Feb-2011,15.6,16.04,15.55,15.87,99300
LFUS,25-Feb-2011,50.63,53,50.63,52.75,270300
LGCY,25-Feb-2011,31.08,31.5,30.61,30.77,254400
LGND,25-Feb-2011,10.01,10.1,9.95,10.08,127500
LHCG,25-Feb-2011,29.8,30.27,29.53,30.24,91800
LIFE,25-Feb-2011,52.6,53.91,52.52,53.5,1563300
LINC,25-Feb-2011,15.57,15.82,15.41,15.82,309700
LION,25-Feb-2011,8.42,8.45,8.3,8.45,8000
LIOX,25-Feb-2011,3.67,3.69,3.63,3.65,262800
LIVE,25-Feb-2011,1.5367,1.6433,1.5367,1.6333,1400
LKFN,25-Feb-2011,14.56,15.0667,14.3667,15.0267,36100
LLNW,25-Feb-2011,7.43,7.5,7.21,7.38,15190800
LLTC,25-Feb-2011,34.21,34.88,34.11,34.82,2066900
LMAT,25-Feb-2011,6.74,6.9,6.74,6.87,3600
LMCA,25-Feb-2011,22.4267,23.0333,22.4267,22.9633,252700
LMIA,25-Feb-2011,17.16,17.87,17.12,17.85,42700
LMNR,25-Feb-2011,22.16,22.81,22.16,22.58,7600
LMNX,25-Feb-2011,18.38,18.6,18.12,18.57,118000
LNCE,25-Feb-2011,17.84,17.97,17.46,17.97,256600
LNDC,25-Feb-2011,6.09,6.29,6.09,6.27,56100
LOAN,25-Feb-2011,1.5,1.5,1.46,1.5,4500
LOGI,25-Feb-2011,18.92,19.15,18.87,19.15,791900
LOGM,25-Feb-2011,36.9,38.54,36.52,37.89,344200
LOPE,25-Feb-2011,15.31,15.89,15.16,15.71,448600
LORL,25-Feb-2011,77.68,79.24,77.68,79.12,55900
LPLA,25-Feb-2011,32.42,32.88,32.35,32.78,159000
LPNT,25-Feb-2011,36.01,37.5,36.01,37.43,461900
LPSN,25-Feb-2011,9.8,10.12,9.7,10.12,300400
LPTH,25-Feb-2011,1.39,1.48,1.39,1.47,17900
LQDT,25-Feb-2011,15.34,16.1,15.32,16.09,114600
LRAD,25-Feb-2011,2.07,2.15,2.05,2.11,40700
LRCX,25-Feb-2011,53.82,55.36,53.66,55.35,1559900
LSBK,25-Feb-2011,10,10,10,10,0
LSCC,25-Feb-2011,6.43,6.6,6.37,6.58,1252400
LSTR,25-Feb-2011,43.76,44.96,43.3,44.57,647900
LTBR,25-Feb-2011,27.75,28.35,27.55,27.7,31600
LTRX,25-Feb-2011,3.86,3.92,3.86,3.9,6200
LULU,25-Feb-2011,38.445,39.33,38.175,38.415,1657000
LUNA,25-Feb-2011,1.8,1.8,1.78,1.79,2700
LWAY,25-Feb-2011,9.24,9.4,9.19,9.33,11300
LXRX,25-Feb-2011,12.74,13.02,12.74,13.02,479900
LYTS,25-Feb-2011,7.42,7.91,7.42,7.91,53000
MAGS,25-Feb-2011,3.02,3.02,3,3,3100
MANH,25-Feb-2011,7.6525,7.86,7.64,7.85,118100
MANT,25-Feb-2011,42.95,43.07,42.37,42.93,333100
MARPS,25-Feb-2011,23.48,23.48,22.58,22.69,1000
MASI,25-Feb-2011,30.1,30.31,29.92,30.15,447700
MAT,25-Feb-2011,24.67,25.02,24.52,24.92,3437900
MATW,25-Feb-2011,36.74,37.14,36.59,37.11,152000
MAYS,25-Feb-2011,19.39,19.39,19.39,19.39,100
MBFI,25-Feb-2011,20.2,20.99,20.14,20.93,192900
MBLX,25-Feb-2011,56.7,56.7,54.12,56.04,132600
MBRG,25-Feb-2011,16.5,16.9,16.09,16.33,11300
MBTF,25-Feb-2011,1.8,1.81,1.74,1.79,2900
MBVT,25-Feb-2011,25.82,26.44,25.82,26.28,4900
MBWM,25-Feb-2011,8.69,8.69,8.38,8.4,9000
MCBC,25-Feb-2011,3.79,3.8,3.7,3.77,48900
MCHP,25-Feb-2011,36.94,37.37,36.88,37.33,1542600
MCHX,25-Feb-2011,8.68,8.96,8.62,8.83,51600
MCRI,25-Feb-2011,10.7,11.21,10.3,11.07,24000
MDCA,25-Feb-2011,17.22,17.51,17.19,17.41,7500
MDCO,25-Feb-2011,17.16,17.34,17.01,17.29,378400
MDM,25-Feb-2011,5.19,5.48,5.16,5.41,34000
MDRX,25-Feb-2011,21.13,21.42,20.66,21.38,3447500
MDSO,25-Feb-2011,12.6,12.975,12.6,12.94,64100
MELI,25-Feb-2011,67.99,69,66.08,66.25,770700
MENT,25-Feb-2011,15.55,15.83,15.29,15.68,3165300
MEOH,25-Feb-2011,28.42,28.77,28.38,28.71,126600
MERC,25-Feb-2011,13.55,13.95,13.42,13.62,614400
MFNC,25-Feb-2011,5.89,5.89,5.89,5.89,0
MFRI,25-Feb-2011,11.85,11.85,11.45,11.6,3600
MFSF,25-Feb-2011,9.49,9.7,9.49,9.7,4000
MGEE,25-Feb-2011,27.1133,27.4067,27.0267,27.24,59800
MGIC,25-Feb-2011,7.35,7.64,7.25,7.5,1038500
MGLN,25-Feb-2011,48.01,48.98,47.79,48.22,374300
MGPI,25-Feb-2011,9.18,9.19,9.02,9.19,17700
MGRC,25-Feb-2011,27.14,28.01,26.26,27.99,112700
MGYR,25-Feb-2011,4.07,4.25,4.03,4.25,7800
MHGC,25-Feb-2011,9.13,9.39,8.91,9.29,369300
MHLD,25-Feb-2011,7.75,7.95,7.71,7.93,131100
MIDD,25-Feb-2011,29.3233,30.1533,29.2333,29.9967,126100
MIND,25-Feb-2011,11.16,11.2,10.79,10.95,22000
MINI,25-Feb-2011,21.26,21.92,21.25,21.88,97700
MITL,25-Feb-2011,5.49,5.63,5.4,5.58,8100
MKSI,25-Feb-2011,28.57,29.66,28.3,29.62,290100
MKTX,25-Feb-2011,21,21.57,21,21.4,210400
MLAB,25-Feb-2011,30,30,29.4,29.87,1200
MLHR,25-Feb-2011,25.95,26.43,25.91,26.36,296700
MLNK,25-Feb-2011,6.95,7.02,6.88,7.02,261200
MLNX,25-Feb-2011,26.33,26.73,26.03,26.62,194300
MLVF,25-Feb-2011,7.99,7.99,7.99,7.99,0
MMLP,25-Feb-2011,38.83,39.18,38.46,39.04,50400
MMSI,25-Feb-2011,13.36,13.88,13.36,13.736,200700
MMYT,25-Feb-2011,26.02,26.33,25.69,26.33,115200
MNDO,25-Feb-2011,3.24,3.25,3.2,3.22,167300
MNKD,25-Feb-2011,3.74,3.79,3.61,3.65,1341400
MNOV,25-Feb-2011,3.62,3.73,3.52,3.6,9500
MNRO,25-Feb-2011,32.46,33.06,32.06,32.98,273100
MNST,25-Feb-2011,9.2083,9.975,9.195,9.8333,3977200
MNTA,25-Feb-2011,13.46,13.82,13.45,13.81,531600
MNTX,25-Feb-2011,4.77,4.99,4.75,4.99,82600
MOBI,25-Feb-2011,9.98,10.13,9.61,9.9,274200
MOCO,25-Feb-2011,12.93,12.99,12.65,12.65,600
MOFG,25-Feb-2011,14.58,14.58,14.33,14.58,6300
MORN,25-Feb-2011,57.91,58.72,57.88,58.69,36600
MOSY,25-Feb-2011,5.76,5.79,5.7,5.73,70000
MPAA,25-Feb-2011,14.03,14.1,13.9,14.1,36000
MPB,25-Feb-2011,8.5,8.5,8.5,8.5,0
MPEL,25-Feb-2011,6.79,6.9,6.75,6.83,4551500
MPET,25-Feb-2011,2.72,2.73,2.63,2.67,125300
MPWR,25-Feb-2011,14.85,15.47,14.73,15.41,337300
MRCY,25-Feb-2011,19.27,19.74,19.07,19.46,175100
MRLN,25-Feb-2011,11.11,11.23,11.01,11.17,68600
MRTN,25-Feb-2011,14.34,14.34,14.0933,14.2333,27100
MRVL,25-Feb-2011,18.4,18.93,18.3,18.92,15571100
MSBF,25-Feb-2011,6.09,6.09,6.09,6.09,0
MSCC,25-Feb-2011,21.87,22.52,21.8,22.35,571500
MSEX,25-Feb-2011,18.26,18.6,18.11,18.55,23300
MSFG,25-Feb-2011,9.66,9.75,9.62,9.73,35200
MSFT,25-Feb-2011,26.89,26.95,26.5,26.55,53006200
MSON,25-Feb-2011,2.26,2.36,2.2,2.26,5500
MSTR,25-Feb-2011,114.81,116.95,114.8,116.95,55800
MTEX,25-Feb-2011,19.6,19.8,19.3,19.7,6000
MTRX,25-Feb-2011,13.82,14.1,13.75,14.05,76800
MTSC,25-Feb-2011,44.53,44.79,44.05,44.63,95000
MTSL,25-Feb-2011,1.85,1.86,1.75,1.85,2500
MU,25-Feb-2011,11.11,11.45,11.11,11.44,39358200
MVIS,25-Feb-2011,12.32,13.04,12.08,12.96,1573700
MXIM,25-Feb-2011,26.87,27.72,26.86,27.63,2113300
MXWL,25-Feb-2011,18.24,18.45,18.08,18.32,119300
MYGN,25-Feb-2011,18.47,18.61,18.35,18.47,515500
MYL,25-Feb-2011,22.21,22.86,22.03,22.61,12321600
MYRG,25-Feb-2011,22.1,22.87,21.77,22.54,117400
NAII,25-Feb-2011,5.49,5.5,5.46,5.5,2300
NANO,25-Feb-2011,18.01,18.2,17.61,17.77,342500
NATH,25-Feb-2011,19.25,19.27,18.93,18.93,6200
NATI,25-Feb-2011,30.79,31.24,30.73,31.24,245800
NATL,25-Feb-2011,20.63,20.86,20.33,20.76,8500
NATR,25-Feb-2011,8.09,8.23,7.93,8.21,5000
NAUH,25-Feb-2011,7.42,7.58,7.35,7.54,19600
NAVG,25-Feb-2011,51.34,53.04,51.34,52.96,57100
NAVI,25-Feb-2011,5.47,5.47,5.46,5.46,83900
NBIX,25-Feb-2011,7.3,7.41,7.22,7.39,257200
NBN,25-Feb-2011,15.01,15.25,14.81,14.81,1500
NBTB,25-Feb-2011,22.02,22.4,21.95,22.33,74300
NCIT,25-Feb-2011,21.29,22.72,21.29,22.68,47700
NCMI,25-Feb-2011,18.8,19,18.53,18.83,467700
NCTY,25-Feb-2011,7.47,7.54,7.37,7.45,21200
NDAQ,25-Feb-2011,28.12,28.45,28.04,28.41,3157200
NDSN,25-Feb-2011,55.11,55.525,54.37,54.92,256700
NEOG,25-Feb-2011,24.2933,25.06,24.2933,25.06,49200
NEPT,25-Feb-2011,2.39,2.54,2.34,2.5,33300
NEWS,25-Feb-2011,10.27,10.62,10.02,10.59,52800
NEWT,25-Feb-2011,8.1,8.35,8.1,8.1,38000
NFBK,25-Feb-2011,13,13.38,13,13.31,22300
NFEC,25-Feb-2011,4.05,4.1,4.05,4.1,7500
NFLX,25-Feb-2011,30.66,31.07,30.15,30.3486,4214600
NICE,25-Feb-2011,33.57,34.5,33.34,34.47,243100
NICK,25-Feb-2011,12.31,12.43,12.24,12.24,7500
NIHD,25-Feb-2011,41.99,42.69,41.97,42.43,2321600
NILE,25-Feb-2011,52.72,55.95,52.72,55.62,392000
NKSH,25-Feb-2011,28.82,29,28.56,28.84,12500
NKTR,25-Feb-2011,9.65,9.79,9.54,9.78,1061000
NLST,25-Feb-2011,2.3,2.35,2.3,2.33,112500
NMRX,25-Feb-2011,9.34,9.35,9.06,9.22,77600
NNBR,25-Feb-2011,11.67,12.27,11.64,12.22,167800
NRIM,25-Feb-2011,18.5,18.55,18.29,18.55,10900
NSEC,25-Feb-2011,12.25,12.25,12.25,12.25,0
NSIT,25-Feb-2011,17.66,18.09,17.66,18.08,189700
NSSC,25-Feb-2011,2.2,2.35,2.18,2.34,2400
NSYS,25-Feb-2011,4.16,4.25,4.16,4.25,3000
NTAP,25-Feb-2011,51.33,52.74,51.22,52.47,8850800
NTCT,25-Feb-2011,24.02,25.05,23.29,25.05,208100
NTES,25-Feb-2011,46.43,47.15,46.04,46.15,1275800
NTGR,25-Feb-2011,31.49,32.34,31.42,32.24,322700
NTIC,25-Feb-2011,15.79,16.11,15.75,16.11,4000
NTRI,25-Feb-2011,14.86,14.86,13.88,13.89,7697700
NTRS,25-Feb-2011,52.36,52.57,52.07,52.21,1593600
NTWK,25-Feb-2011,18.2,18.9,17.9,18.8,920700
NUAN,25-Feb-2011,18.88,19.05,18.74,18.86,1489900
NURO,25-Feb-2011,12.72,12.72,12,12.24,41900
NUTR,25-Feb-2011,14.19,14.6,14.19,14.57,15600
NUVA,25-Feb-2011,27.21,28.13,27.12,27.93,488100
NVAX,25-Feb-2011,2.29,2.35,2.27,2.34,471600
NVDA,25-Feb-2011,23.24,23.5,22.94,23.12,19396100
NVEC,25-Feb-2011,58.25,59.25,58,59.15,77600
NVGN,25-Feb-2011,0.72,0.87,0.66,0.75,44200
NVLS,25-Feb-2011,39.03,40.31,39.01,40.3,2111300
NVMI,25-Feb-2011,9.63,10.12,9.49,9.82,564100
NWBI,25-Feb-2011,12,12.19,11.99,12.18,433200
NWFL,25-Feb-2011,27.05,27.05,27.05,27.05,100
NWLI,25-Feb-2011,169.1,172.97,169.1,172.94,3000
NWPX,25-Feb-2011,21.97,23.32,21.85,23.32,17500
NWS,25-Feb-2011,17.91,18.51,17.88,18.34,3775800
NWSA,25-Feb-2011,16.89,17.52,16.88,17.32,17846300
NXPI,25-Feb-2011,29.51,30.81,29.35,30.55,1150500
NXST,25-Feb-2011,6.24,6.62,6.02,6.58,37500
NXTM,25-Feb-2011,19.63,20.15,19.39,20.01,739600
NYMT,25-Feb-2011,7.1,7.25,7.07,7.23,26000
NYMX,25-Feb-2011,6.5,6.52,6.15,6.47,52900
NYNY,25-Feb-2011,4.1,4.15,4,4.1,54300
OBAS,25-Feb-2011,8.05,8.05,8.05,8.05,300
OBCI,25-Feb-2011,1.95,1.99,1.87,1.99,17800
OCFC,25-Feb-2011,13.56,13.97,13.4,13.96,19100
OCLR,25-Feb-2011,18.67,18.95,17.63,18,3790500
OCLS,25-Feb-2011,71.05,72.45,70.35,71.05,42900
ODFL,25-Feb-2011,20.4267,20.9533,20.1867,20.5867,251100
OFED,25-Feb-2011,12.74,12.74,12.32,12.46,3500
OFIX,25-Feb-2011,31.05,31.5,31.01,31.46,135800
OFLX,25-Feb-2011,12.96,13.01,12.93,13,1900
OGXI,25-Feb-2011,15.76,15.85,15.7,15.78,9500
OIIM,25-Feb-2011,8.22,8.3,8.12,8.2,204700
OKSB,25-Feb-2011,14.28,14.76,14.15,14.6,46300
OLBK,25-Feb-2011,9.11,9.56,8.75,8.92,17800
OMAB,25-Feb-2011,14.28,14.35,14.08,14.25,44900
OMCL,25-Feb-2011,13.44,13.53,13.27,13.42,140300
OMER,25-Feb-2011,6.41,6.78,6.34,6.56,71600
OMEX,25-Feb-2011,38.16,39.84,37.68,39.6,127400
ONEQ,25-Feb-2011,108.64,109.73,108.55,109.66,14000
ONVI,25-Feb-2011,4.3,4.3,4.3,4.3,200
OPHC,25-Feb-2011,97.2,97.2,97.2,97.2,0
OPOF,25-Feb-2011,11.5,11.5,11.5,11.5,600
OPTT,25-Feb-2011,51.6,52.7,50.9,51,18100
OPXA,25-Feb-2011,7.64,7.72,7.4,7.64,169700
OPXAW,25-Feb-2011,0.79,0.79,0.79,0.79,300
ORBC,25-Feb-2011,3.1,3.51,3.04,3.46,323300
ORBK,25-Feb-2011,14.5,14.91,14.39,14.83,191800
OREX,25-Feb-2011,32.3,33,31.7,33,1531800
ORIT,25-Feb-2011,12.55,12.77,12.4,12.65,206600
ORLY,25-Feb-2011,54.72,55.43,54.6,55.34,1453500
ORRF,25-Feb-2011,26.86,27.18,26.57,27.04,6400
OSBC,25-Feb-2011,1.02,1.05,1.02,1.03,21100
OSBCP,25-Feb-2011,2.98,3,2.98,3,5800
OSHC,25-Feb-2011,12.17,12.24,12.17,12.19,2400
OSIR,25-Feb-2011,6.36,6.62,6.34,6.6,36800
OSIS,25-Feb-2011,37.26,38.02,37.03,37.88,87700
OSN,25-Feb-2011,12.6,13.2,12.6,13.05,28000
OSTK,25-Feb-2011,13.96,14.08,13.82,13.97,90800
OSUR,25-Feb-2011,6.46,6.79,6.46,6.71,163400
OTEX,25-Feb-2011,29.11,29.27,28.965,29.2,218800
OTIV,25-Feb-2011,2.69,2.96,2.68,2.91,309400
OTTR,25-Feb-2011,21.31,22.35,21.31,22.34,86200
OVBC,25-Feb-2011,20.6,22.5,20.6,20.6,600
OVLY,25-Feb-2011,5.91,5.91,5.91,5.91,400
OXLC,25-Feb-2011,19.4,19.4,19.4,19.4,4100
OZRK,25-Feb-2011,10.53,10.78,10.515,10.745,56600
PAAS,25-Feb-2011,37.28,38.07,37.14,38.06,1016800
PACB,25-Feb-2011,15.73,15.77,15.51,15.75,83600
PACW,25-Feb-2011,20.31,20.9,20.25,20.89,119700
PAGG,25-Feb-2011,32.54,32.94,32.34,32.94,32700
PANL,25-Feb-2011,40.24,41.99,39.84,41.98,503900
PATK,25-Feb-2011,1.3667,1.4133,1.36,1.3867,1000
PAYX,25-Feb-2011,32.67,33.16,32.65,33.07,1401000
PBCT,25-Feb-2011,12.96,13.19,12.92,13.11,3239800
PBHC,25-Feb-2011,8.99,8.99,8.99,8.99,200
PBIB,25-Feb-2011,8.37,8.52,8.31,8.36,8800
PBIP,25-Feb-2011,6.36,6.36,6.36,6.36,200
PCAR,25-Feb-2011,50.16,50.34,49.8,50.12,1826500
PCBK,25-Feb-2011,10.03,10.17,10.02,10.1,25800
PCH,25-Feb-2011,37.86,38.54,37.22,38.54,248200
PCLN,25-Feb-2011,465.25,465.97,459.51,460.03,1230000
PCOM,25-Feb-2011,10.13,10.56,10.08,10.45,21700
PCRX,25-Feb-2011,6.95,7.15,6.89,7.1,21500
PCTI,25-Feb-2011,7.39,7.49,7.32,7.49,106900
PCYO,25-Feb-2011,3.99,4.12,3.96,4.12,15200
PDCO,25-Feb-2011,32.73,33.09,32.5,33.09,943200
PDEX,25-Feb-2011,2.41,2.41,2.35,2.39,6600
PDFS,25-Feb-2011,6.66,6.82,6.49,6.76,259000
PDLI,25-Feb-2011,4.84,5.01,4.79,4.86,4005200
PEBK,25-Feb-2011,6.57,7,6.57,6.75,1800
PEBO,25-Feb-2011,13.06,13.67,13.04,13.67,22400
PEGA,25-Feb-2011,18.745,20.165,18.745,20.155,182100
PEIX,25-Feb-2011,10.8,11.1,10.05,10.5,1734500
PENN,25-Feb-2011,34.3,34.88,34.25,34.85,499200
PERF,25-Feb-2011,8.01,8.31,8.01,8.15,1700
PERY,25-Feb-2011,29.87,30.55,29.33,29.87,44700
PESI,25-Feb-2011,7.4,7.6,7.25,7.55,26000
PETS,25-Feb-2011,14.64,14.9,14.51,14.86,161700
PFBC,25-Feb-2011,1.61,1.68,1.61,1.61,93800
PFBI,25-Feb-2011,6.85,6.85,6.61,6.66,11600
PFBX,25-Feb-2011,15.42,16.23,15,16.23,4200
PFIN,25-Feb-2011,3.28,3.38,3.28,3.38,1900
PFSW,25-Feb-2011,3.4,3.52,3.33,3.46,174000
PGC,25-Feb-2011,13.44,13.68,13.32,13.65,9600
PGNX,25-Feb-2011,5.5,5.82,5.5,5.8,219000
PGTI,25-Feb-2011,2.33,2.44,2.33,2.4,46700
PHII,25-Feb-2011,22.97,23,22.97,23,2300
PHIIK,25-Feb-2011,20.58,21.52,20.48,21.44,21100
PHMD,25-Feb-2011,27.9,27.9,27.5,27.5,1400
PICO,25-Feb-2011,29.64,29.84,29.41,29.49,111500
PKBK,25-Feb-2011,9.65,9.66,9.65,9.66,900
PKOH,25-Feb-2011,21.97,22.85,21.61,22.78,61000
PLAB,25-Feb-2011,8.81,9.37,8.74,9.23,1012100
PLBC,25-Feb-2011,3.61,3.61,3.6,3.6,200
PLCE,25-Feb-2011,45.62,46.5,45.48,46.31,310100
PLPC,25-Feb-2011,67.12,69.7,67.12,69.39,6300
PLUG,25-Feb-2011,0.75,0.78,0.74,0.74,428000
PLUS,25-Feb-2011,26.45,28.05,26.16,27.96,28800
PLXS,25-Feb-2011,30.86,31.85,30.85,31.52,297700
PMBC,25-Feb-2011,4.4,4.4,4.3,4.4,6200
PMD,25-Feb-2011,8.94,8.97,8.87,8.89,9600
PNBK,25-Feb-2011,23.7,23.7,23.7,23.7,2100
PNFP,25-Feb-2011,14.84,15.58,14.84,15.57,159400
PNNT,25-Feb-2011,12.76,12.86,12.68,12.85,616000
PNQI,25-Feb-2011,37.11,37.23,36.92,37.06,11400
PNRA,25-Feb-2011,116.27,117.09,114.95,116.31,313400
PNRG,25-Feb-2011,26.5,26.56,26,26.55,3000
PNTR,25-Feb-2011,6,6,6,6,200
PODD,25-Feb-2011,17.91,18.25,17.78,18.13,203100
POOL,25-Feb-2011,24.88,25.11,24.88,25.07,280700
POPE,25-Feb-2011,43.89,45.03,42.87,44.75,8000
POWI,25-Feb-2011,39.85,40.58,39.67,40.52,161600
POWL,25-Feb-2011,37.24,38.13,37.05,38.01,62700
PPBI,25-Feb-2011,6.84,6.9,6.76,6.9,13400
PPHM,25-Feb-2011,2.15,2.24,2.08,2.23,381800
PRAA,25-Feb-2011,27.6633,28.3333,27.59,28.3333,269200
PRAN,25-Feb-2011,9.48,9.66,9.12,9.36,58600
PRCP,25-Feb-2011,6.9,6.9,6.79,6.85,24000
PRFT,25-Feb-2011,12.19,12.5,12.19,12.5,86200
PRFZ,25-Feb-2011,67.07,68.12,66.91,68.12,29600
PRGS,25-Feb-2011,29.18,29.7,29.06,29.58,470300
PRGX,25-Feb-2011,5.58,5.58,5.41,5.52,122200
PRIM,25-Feb-2011,8.7,9,8.7,8.98,62400
PRKR,25-Feb-2011,7.2,7.7,7.2,7.3,484600
PRMW,25-Feb-2011,11.92,12.79,11.85,12.71,23900
PROV,25-Feb-2011,8.11,8.25,8.11,8.25,8100
PRPH,25-Feb-2011,1.38,1.39,1.35,1.39,11300
PRSC,25-Feb-2011,15.08,16.31,15.08,16.19,29400
PRTS,25-Feb-2011,7.93,8.42,7.9,8.35,94300
PRXL,25-Feb-2011,21.99,23.48,21.79,23.29,988400
PSAU,25-Feb-2011,47.69,48.1,47.5,48.05,47900
PSDV,25-Feb-2011,3.81,3.88,3.8,3.84,63600
PSEC,25-Feb-2011,11.96,12.13,11.95,12.09,1230600
PSMT,25-Feb-2011,35.61,35.88,35.41,35.79,64000
PSTB,25-Feb-2011,5.09,5.15,4.9,4.98,37000
PSTI,25-Feb-2011,2.51,2.62,2.5,2.54,184100
PTEN,25-Feb-2011,26.75,27.59,26.66,27.59,2170900
PTIE,25-Feb-2011,6.58,6.74,6.55,6.71,81900
PTNR,25-Feb-2011,18.65,18.78,18.6,18.71,182700
PTSI,25-Feb-2011,11.64,11.91,11.64,11.91,2400
PVTB,25-Feb-2011,14,14.22,13.91,14.06,842500
PVTBP,25-Feb-2011,27,27,26.98,26.98,600
PWOD,25-Feb-2011,37.73,38.72,37.32,38.46,4200
PWX,25-Feb-2011,16.69,17.25,16.69,17.15,3200
PXLW,25-Feb-2011,3.42,3.48,3.4,3.45,17200
PZZA,25-Feb-2011,14.465,14.6,14.4,14.5,142800
QABA,25-Feb-2011,24.91,25.14,24.91,25.14,3100
QADA,25-Feb-2011,8.89,9.24,8.88,9.09,10600
QADB,25-Feb-2011,9.11,9.17,8.77,8.77,4500
QBAK,25-Feb-2011,11.1,11.1,11.1,11.1,100
QCLN,25-Feb-2011,17.4,17.42,17.39,17.41,1800
QCOM,25-Feb-2011,58.11,59.2,57.9,59.02,11346500
QCRH,25-Feb-2011,8.1,8.1,7.76,7.83,5800
QDEL,25-Feb-2011,12.71,13.9,12.69,13.23,272700
QGEN,25-Feb-2011,20.54,20.77,20.38,20.65,1064900
QLTI,25-Feb-2011,6.7,6.85,6.68,6.84,43300
QNST,25-Feb-2011,22.27,22.79,21.81,22.57,371400
QQEW,25-Feb-2011,24.97,25.13,24.93,25.08,47100
QQQ,25-Feb-2011,57.16,57.72,57.12,57.65,54094500
QQQX,25-Feb-2011,14.77,14.95,14.75,14.94,52400
QQXT,25-Feb-2011,22.05,22.13,21.98,22.1,4100
QSII,25-Feb-2011,39.28,40.035,39.065,39.99,109400
QTEC,25-Feb-2011,27.37,27.69,27.34,27.66,300500
QUIK,25-Feb-2011,5.03,5.14,5,5.08,342700
RADA,25-Feb-2011,5.58,5.6,5.58,5.6,10100
RAIL,25-Feb-2011,28.2,28.29,27.9,28.14,87300
RAND,25-Feb-2011,3.1,3.17,3.1,3.1,200
RAVN,25-Feb-2011,25.86,27.075,25.62,27.025,62600
RBCAA,25-Feb-2011,17.22,17.31,17.13,17.21,35400
RBCN,25-Feb-2011,23.92,24.62,23.9,24.52,1014000
RBPAA,25-Feb-2011,1.73,1.84,1.72,1.74,5900
RCII,25-Feb-2011,31.93,33,31.93,32.95,951400
RCKY,25-Feb-2011,13.94,14.4,13.94,14.39,91300
RCMT,25-Feb-2011,4.94,5.1,4.94,5.1,46500
RCON,25-Feb-2011,4.35,4.78,4.35,4.65,2400
RDCM,25-Feb-2011,10.6,11,10.59,10.9,22900
RDI,25-Feb-2011,4.91,5,4.87,4.91,43900
RDIB,25-Feb-2011,7,7,7,7,0
RDNT,25-Feb-2011,3.5,3.54,3.41,3.43,99600
RDWR,25-Feb-2011,19.29,19.31,18.84,19.005,311400
RECN,25-Feb-2011,18.14,18.42,18.08,18.32,99200
REFR,25-Feb-2011,7.91,8.24,7.85,8.09,49500
REGN,25-Feb-2011,36.19,37,36.01,37,340000
REIS,25-Feb-2011,7.17,7.48,7.17,7.48,800
RELL,25-Feb-2011,13.01,13.09,12.78,13,77700
RELV,25-Feb-2011,16.45,16.45,15.75,15.75,9500
REXX,25-Feb-2011,12.47,12.67,12.25,12.59,709000
RFIL,25-Feb-2011,4.26,4.34,4.205,4.285,6400
RGCO,25-Feb-2011,15.705,15.705,15.705,15.705,0
RGEN,25-Feb-2011,4.85,4.9,4.76,4.84,29600
RGLD,25-Feb-2011,48.61,49.2,48.55,48.87,264800
RICK,25-Feb-2011,10.9,11.22,10.71,10.85,162600
RIGL,25-Feb-2011,7.12,7.34,7.02,7.3,138300
RLOG,25-Feb-2011,7.7,7.82,7.39,7.58,14300
RMBS,25-Feb-2011,20.45,21.1,20.3,21.09,888500
RMCF,25-Feb-2011,10.28,10.29,10.11,10.11,4000
RMTI,25-Feb-2011,9.19,9.2,8.76,8.91,67400
RNET,25-Feb-2011,14.98,14.98,14.55,14.74,9800
RNST,25-Feb-2011,15.96,16.31,15.95,16.15,208300
RNWK,25-Feb-2011,3.79,3.84,3.76,3.83,363400
ROCK,25-Feb-2011,10.73,10.79,10.29,10.79,134200
ROIA,25-Feb-2011,2.04,2.38,1.99,2.35,106600
ROIAK,25-Feb-2011,1.99,2.16,1.87,2.15,1187900
ROIC,25-Feb-2011,10.95,10.96,10.87,10.94,370200
ROLL,25-Feb-2011,36.42,36.64,35.95,36.44,47100
ROSG,25-Feb-2011,7.95,8.25,7.95,8.25,140900
ROST,25-Feb-2011,17.785,18.0475,17.745,17.9175,935800
RP,25-Feb-2011,27.48,27.49,24.03,24.64,804600
RPRX,25-Feb-2011,4.27,4.59,4.27,4.49,170100
RPTP,25-Feb-2011,3.54,3.59,3.5,3.52,30200
RRGB,25-Feb-2011,23.37,24.01,23.23,23.56,311500
RSTI,25-Feb-2011,38.07,38.87,37.82,38.85,237400
RSYS,25-Feb-2011,8.21,8.38,8.16,8.37,58000
RTIX,25-Feb-2011,2.62,2.7,2.6,2.65,326000
RUSHA,25-Feb-2011,18.69,19.03,18.67,19,95300
RUSHB,25-Feb-2011,16.05,16.5,16.05,16.5,2100
RUTH,25-Feb-2011,4.94,5.04,4.91,5.03,231200
RVSB,25-Feb-2011,3.11,3.15,3.01,3.08,8600
RXII,25-Feb-2011,17.8,18.6,17.5,17.9,78300
RYAAY,25-Feb-2011,28.84,29.12,28.67,29.08,626700
SAAS,25-Feb-2011,3.17,3.25,3.16,3.17,22500
SAFM,25-Feb-2011,42.44,43.49,41.58,41.68,706400
SAFT,25-Feb-2011,47.53,48.27,46.95,48.2,24700
SAIA,25-Feb-2011,10.1333,10.2067,9.9533,10.0133,95500
SALM,25-Feb-2011,4.1,4.1,4.03,4.05,9900
SANM,25-Feb-2011,15.49,15.75,15.17,15.3,1249200
SANW,25-Feb-2011,4.33,4.33,4.3,4.3,6800
SASR,25-Feb-2011,19.13,19.68,19.13,19.62,34900
SATS,25-Feb-2011,33.94,36.09,33.56,35.97,843200
SBAC,25-Feb-2011,42.78,42.99,42.15,42.37,1429400
SBBX,25-Feb-2011,5.75,5.75,5.6,5.65,1400
SBCF,25-Feb-2011,8,8,7.8,7.95,79800
SBGI,25-Feb-2011,12.43,12.99,12.42,12.89,644100
SBLK,25-Feb-2011,195.75,196.5,194.25,195,317100
SBNY,25-Feb-2011,51.72,52.68,51.64,52.62,244900
SBNYW,25-Feb-2011,29.49,29.49,29.49,29.49,0
SBRA,25-Feb-2011,18.02,18.57,18,18.53,112200
SBSA,25-Feb-2011,0.91,0.97,0.91,0.94,37600
SBSI,25-Feb-2011,21.0762,21.6571,20.9429,21.581,23200
SBUX,25-Feb-2011,16.045,16.34,16,16.25,9662700
SCHL,25-Feb-2011,29.83,30.18,29.75,30.17,106600
SCHN,25-Feb-2011,62.58,63.12,61.78,62.95,263100
SCKT,25-Feb-2011,1.86,1.88,1.75,1.76,8800
SCLN,25-Feb-2011,4.3,4.38,4.24,4.37,135100
SCMP,25-Feb-2011,4.15,4.28,4.12,4.25,335200
SCON,25-Feb-2011,522,554.4,505.8,534.6,872600
SCOR,25-Feb-2011,27.96,28.46,27.9,28.26,186000
SCSC,25-Feb-2011,36,36.72,36,36.69,68400
SCSS,25-Feb-2011,11.04,11.41,11.01,11.39,357000
SCVL,25-Feb-2011,17.5,17.5,17.2067,17.3933,30700
SEAC,25-Feb-2011,9.24,9.39,9.12,9.38,53800
SEED,25-Feb-2011,9.12,9.35,9.09,9.2,189600
SEIC,25-Feb-2011,22.49,23.11,22.49,23.09,757700
SENEA,25-Feb-2011,26.34,28.72,26.34,28.6,20200
SENEB,25-Feb-2011,28.2,28.2,28.2,28.2,300
SFLY,25-Feb-2011,42.58,42.64,41.19,41.93,205000
SFNC,25-Feb-2011,26.96,28.41,26.88,28.4,39300
SFST,25-Feb-2011,8.5,8.5,8.5,8.5,0
SGC,25-Feb-2011,11,11.12,11,11.12,400
SGEN,25-Feb-2011,15.02,15.22,14.96,15.16,862700
SGI,25-Feb-2011,14.9,15.08,14.84,14.96,594600
SGMA,25-Feb-2011,8.28,8.56,8.13,8.31,5300
SGMO,25-Feb-2011,7.63,8.69,7.6,8.5,1476000
SGMS,25-Feb-2011,8.96,9,8.86,8.96,944800
SGOC,25-Feb-2011,18.8,18.8,18.8,18.8,0
SGRP,25-Feb-2011,1,1,1,1,0
SHBI,25-Feb-2011,9.76,9.95,9.76,9.9,6700
SHEN,25-Feb-2011,8.175,8.71,8.13,8.685,47200
SHIP,25-Feb-2011,4,4.1,3.95,4.05,108300
SHLD,25-Feb-2011,82.5,84.71,81.7,83.1,1023200
SHLM,25-Feb-2011,21.93,22.28,21.5,22.24,158400
SHLO,25-Feb-2011,11.5,12.21,11.48,11.97,10600
SHOO,25-Feb-2011,18.9911,19.1289,18.6133,19.0222,500600
SHOR,25-Feb-2011,6.75,6.98,6.73,6.96,376100
SIEB,25-Feb-2011,1.78,1.89,1.78,1.8,5900
SIFI,25-Feb-2011,9.34,9.39,9.3,9.3,14800
SIFY,25-Feb-2011,2.52,2.7,2.52,2.61,391500
SIGI,25-Feb-2011,17.71,17.96,17.59,17.93,126800
SIGM,25-Feb-2011,13.35,13.84,13.18,13.81,221300
SILC,25-Feb-2011,17.6,18.22,17.39,17.8,17200
SIMO,25-Feb-2011,7.95,8.5,7.85,8.5,499900
SINA,25-Feb-2011,80.72,82.14,79.93,81.48,2479800
SINO,25-Feb-2011,2.2,2.37,2.2,2.2,1300
SIRI,25-Feb-2011,1.73,1.78,1.71,1.77,56754900
SIVB,25-Feb-2011,53.23,54.46,52.82,54.3,616000
SIVBO,25-Feb-2011,24.73,24.73,24.73,24.73,0
SKYW,25-Feb-2011,15.95,15.98,15.4,15.73,302400
SLAB,25-Feb-2011,44.33,45.8,44.3,45.73,469000
SLGN,25-Feb-2011,36.28,36.79,36.01,36.78,183700
SLMAP,25-Feb-2011,42.26,42.79,42.23,42.79,5700
SLP,25-Feb-2011,3.3,3.4,3.3,3.37,11300
SLRC,25-Feb-2011,24.38,24.91,24.2,24.7,162800
SMBC,25-Feb-2011,10.105,10.105,10.105,10.105,100
SMCI,25-Feb-2011,14.98,15.44,14.95,15.2,303900
SMED,25-Feb-2011,5.5,5.62,5.46,5.53,100700
SMIT,25-Feb-2011,3.45,3.45,3.45,3.45,0
SMMF,25-Feb-2011,4.13,4.19,4.13,4.19,1000
SMRT,25-Feb-2011,8.1,8.19,8.01,8.18,70900
SMSI,25-Feb-2011,38.56,38.8,37.08,37.6,1088500
SMTC,25-Feb-2011,22.72,23.79,22.62,23.79,534800
SMTX,25-Feb-2011,3.46,3.59,3.46,3.57,83200
SNAK,25-Feb-2011,4.25,4.27,4.16,4.24,27600
SNBC,25-Feb-2011,22.75,22.75,21.75,22.45,27700
SNCR,25-Feb-2011,33.81,33.84,33.07,33.8,290900
SNFCA,25-Feb-2011,1.78,1.78,1.62,1.73,17300
SNHY,25-Feb-2011,23.26,23.7733,23.1867,23.7133,25200
SNMX,25-Feb-2011,6.82,7.2,6.77,7.11,109900
SNPS,25-Feb-2011,27.6,27.8,27.49,27.73,964800
SODA,25-Feb-2011,40.81,43.47,40.75,43.4,420000
SOFO,25-Feb-2011,14.71,15.04,14.5,14.89,4900
SOHU,25-Feb-2011,83.05,84.22,81.92,82.45,751900
SONA,25-Feb-2011,7.3,7.45,7.3,7.37,5000
SONC,25-Feb-2011,8.94,9.04,8.8,8.93,1119300
SONS,25-Feb-2011,15.5,15.7,15.25,15.3,5362200
SORL,25-Feb-2011,7.07,7.29,7.07,7.2,34800
SOXX,25-Feb-2011,61.79,62.75,61.79,62.68,564000
SPAN,25-Feb-2011,14.97,14.97,14.97,14.97,100
SPAR,25-Feb-2011,6.26,6.41,6.15,6.39,161700
SPEX,25-Feb-2011,182.4,190,178.6,186.2,27400
SPIL,25-Feb-2011,6.83,6.85,6.66,6.71,1907400
SPLS,25-Feb-2011,20.77,20.97,20.71,20.94,9988600
SPNC,25-Feb-2011,4.8,4.87,4.71,4.85,134900
SPNS,25-Feb-2011,4.3,4.46,4.12,4.27,10000
SPPI,25-Feb-2011,6.52,6.81,6.48,6.8,598600
SPRT,25-Feb-2011,5.82,5.85,5.68,5.69,151600
SPSC,25-Feb-2011,15.91,16,15.63,15.66,13100
SPTN,25-Feb-2011,15.36,15.86,15.29,15.85,49100
SPU,25-Feb-2011,4.75,4.8,4.7,4.8,111200
SQQQ,25-Feb-2011,422.24,422.4,409.6,411.04,895300
SRCE,25-Feb-2011,18.62,19.47,18.57,19.4,20200
SRCL,25-Feb-2011,84.62,85.95,84.46,85.86,394300
SRDX,25-Feb-2011,12.58,13.01,12.52,12.97,48400
SSBI,25-Feb-2011,6.73,6.99,6.72,6.85,39000
SSFN,25-Feb-2011,6.01,6.01,6.01,6.01,0
SSNC,25-Feb-2011,19.72,20.13,19.7,19.95,86600
SSRI,25-Feb-2011,26.09,26.64,26.04,26.6,556200
SSYS,25-Feb-2011,43.79,44.73,43.08,44.73,139500
STAA,25-Feb-2011,5.74,5.93,5.71,5.92,138700
STBA,25-Feb-2011,21.83,22.35,21.83,22.32,55800
STEM,25-Feb-2011,10.92,11.16,10.68,10.92,541800
STFC,25-Feb-2011,16.89,17.2,16.82,17.18,27200
STKL,25-Feb-2011,6.73,6.88,6.7,6.85,161000
STLD,25-Feb-2011,18.72,18.76,18.34,18.42,2688600
STLY,25-Feb-2011,5.84,5.84,5.52,5.63,84400
STMP,25-Feb-2011,13.49,13.55,13.27,13.39,25700
STPP,25-Feb-2011,53.65,53.65,53.65,53.65,100
STRA,25-Feb-2011,137.17,140.74,137.17,140.02,188200
STRL,25-Feb-2011,13.09,13.27,12.85,13.25,31700
STRM,25-Feb-2011,1.88,1.89,1.8,1.83,10000
STRS,25-Feb-2011,10.69,14.1,10.69,13.73,4600
STRT,25-Feb-2011,34.53,34.53,33.73,33.73,200
STX,25-Feb-2011,12.81,13.08,12.79,12.83,11280100
SUMR,25-Feb-2011,6.8,7.15,6.8,7.14,36200
SUNS,25-Feb-2011,19.7,19.8,19.6,19.6,1894300
SVA,25-Feb-2011,4.33,4.47,4.32,4.44,97000
SVBI,25-Feb-2011,5,5,4.79,4.86,2000
SWHC,25-Feb-2011,4,4.05,3.96,4,708500
SWIR,25-Feb-2011,10.61,10.74,10.36,10.38,441300
SWKS,25-Feb-2011,35.7,36.15,35.4,35.99,3707000
SYBT,25-Feb-2011,16.3333,16.4933,16.2733,16.4933,18100
SYKE,25-Feb-2011,18.33,18.41,18.18,18.32,885600
SYMC,25-Feb-2011,17.96,18.21,17.89,18.15,6576800
SYMX,25-Feb-2011,1.04,1.06,1.04,1.04,11800
SYNA,25-Feb-2011,29.45,30.27,29.45,30.22,286900
SYNL,25-Feb-2011,14.26,14.41,14.01,14.41,2800
SYNT,25-Feb-2011,26.015,26.405,25.995,26.375,77100
SYPR,25-Feb-2011,4.01,4.02,3.96,4.01,15500
SYUT,25-Feb-2011,11.43,11.72,11.25,11.63,53100
TACT,25-Feb-2011,9.94,9.95,9.83,9.95,2100
TAIT,25-Feb-2011,1.43,1.43,1.43,1.43,100
TASR,25-Feb-2011,3.78,3.86,3.76,3.84,560100
TAST,25-Feb-2011,7.8,7.85,7.42,7.85,84800
TATT,25-Feb-2011,5.55,5.7,5.55,5.7,600
TAYD,25-Feb-2011,4.99,4.99,4.99,4.99,0
TBBK,25-Feb-2011,8.62,8.76,8.48,8.49,170000
TBNK,25-Feb-2011,19.44,19.67,19.39,19.63,28200
TCBI,25-Feb-2011,24.46,24.99,24.28,24.94,235400
TCBK,25-Feb-2011,15.71,16.22,15.7,16.16,12400
TCCO,25-Feb-2011,10.27,10.45,10.04,10.35,11500
TCRD,25-Feb-2011,13.28,13.6,13.17,13.5,35900
TCX,25-Feb-2011,3.16,3.28,3.16,3.24,35100
TEAR,25-Feb-2011,2.13,2.25,2.13,2.2,21000
TECD,25-Feb-2011,49.75,49.98,49.49,49.8,338100
TECH,25-Feb-2011,70,71.57,70,71.57,75100
TESO,25-Feb-2011,16.19,18.04,16.01,17.79,302900
TESS,25-Feb-2011,12.44,12.44,12.11,12.37,24300
TFSL,25-Feb-2011,10.18,10.47,10.16,10.47,388700
TGA,25-Feb-2011,13.88,14.36,13.83,14.29,199800
THFF,25-Feb-2011,31.71,32.3,31.67,32.22,21400
THLD,25-Feb-2011,2.25,2.5,2.16,2.39,298800
TICC,25-Feb-2011,12.57,12.75,12.43,12.65,159700
TINY,25-Feb-2011,5.68,5.89,5.67,5.89,103100
TISA,25-Feb-2011,1.23,1.23,1.14,1.2,5900
TITN,25-Feb-2011,24.59,25.38,24.56,24.95,249100
TIVO,25-Feb-2011,10.16,10.45,10.07,10.4,1589300
TLF,25-Feb-2011,4.9,4.9,4.9,4.9,0
TLT,25-Feb-2011,91.76,92.28,91.64,92.28,6841900
TNAV,25-Feb-2011,10.81,10.89,10.29,10.74,228500
TNDM,25-Feb-2011,17.1,17.45,17,17.21,333400
TOPS,25-Feb-2011,65.8,66.5,65.1,65.1,17600
TORM,25-Feb-2011,13.35,13.48,12.86,12.96,62400
TOWN,25-Feb-2011,14.65,14.93,14.65,14.87,36000
TQQQ,25-Feb-2011,21.0975,21.7225,21.07,21.6325,556600
TREE,25-Feb-2011,6.99,7,6.9,6.9,48700
TRIB,25-Feb-2011,8.73,8.88,8.73,8.8,24200
TRMB,25-Feb-2011,23.625,24.425,23.465,24.425,373600
TRMK,25-Feb-2011,23.23,23.32,23.01,23.28,396100
TRNS,25-Feb-2011,8.12,8.12,8.12,8.12,0
TROW,25-Feb-2011,66.53,67.25,66.39,67.12,1992900
TRS,25-Feb-2011,21.28,21.68,21.11,21.6,157800
TRST,25-Feb-2011,5.92,5.96,5.89,5.94,252300
TRUE,25-Feb-2011,0.6,0.6,0.57,0.6,3000
TSBK,25-Feb-2011,5.9,5.96,5.82,5.82,17100
TSCO,25-Feb-2011,25.51,25.975,25.375,25.935,534700
TSEM,25-Feb-2011,20.85,21,20.7,20.85,440000
TSLA,25-Feb-2011,22.74,23.85,22.69,23.61,1347200
TSRA,25-Feb-2011,17.31,17.58,17.13,17.55,476200
TSRI,25-Feb-2011,5.03,5.03,4.8,4.8,500
TST,25-Feb-2011,3.36,3.38,3.31,3.36,153300
TTEC,25-Feb-2011,21.66,22.89,21.66,22.81,152900
TTEK,25-Feb-2011,23.28,23.28,22.99,23.24,187800
TTGT,25-Feb-2011,7.8,8.04,7.61,7.88,105600
TTMI,25-Feb-2011,17.12,17.71,17.01,17.7,474000
TTWO,25-Feb-2011,15.94,16.35,15.84,16.24,1676700
TUES,25-Feb-2011,4.48,4.66,4.42,4.64,153900
TWER,25-Feb-2011,86.2,87.6,85.6,86.2,88800
TWIN,25-Feb-2011,31.83,33.38,31.7,33.07,48400
TWMC,25-Feb-2011,1.73,1.76,1.61,1.69,104400
TXN,25-Feb-2011,35.56,35.8,35.4,35.62,9370900
TXRH,25-Feb-2011,16.92,17.25,16.83,17.04,666900
TYPE,25-Feb-2011,13.41,13.51,13.27,13.51,96500
TZOO,25-Feb-2011,39.66,41.49,38.67,41.2,1019600
UBCP,25-Feb-2011,8.7,9,8.47,9,3100
UBFO,25-Feb-2011,3.05,3.1,3,3.06,4900
UBNK,25-Feb-2011,15.15,15.23,15,15.21,21100
UBOH,25-Feb-2011,9.25,9.5,9.25,9.5,1200
UBSH,25-Feb-2011,11.1,11.43,11.02,11.39,35600
UBSI,25-Feb-2011,27.73,28.59,27.68,28.55,168900
UCBA,25-Feb-2011,7.5,7.5,7.5,7.5,0
UCBI,25-Feb-2011,1.47,1.52,1.39,1.42,1180000
UCFC,25-Feb-2011,1.48,1.48,1.46,1.47,4800
UCTT,25-Feb-2011,10.72,10.89,10.5,10.65,107300
UEIC,25-Feb-2011,26.02,28.77,25.99,28.42,205000
UEPS,25-Feb-2011,10.2,10.35,10.19,10.31,86600
UFCS,25-Feb-2011,19.92,20.55,19.8,20.49,48600
UFPI,25-Feb-2011,32.91,33.9,32.79,33.89,48300
UFPT,25-Feb-2011,17.42,17.93,17.25,17.8,212000
UG,25-Feb-2011,15.01,15.15,14.9,14.92,1200
UHAL,25-Feb-2011,94.75,96.9,92.9,96.31,126300
ULBI,25-Feb-2011,5.18,5.22,5.16,5.17,27800
ULTA,25-Feb-2011,41.76,43.43,41.34,42.97,397800
ULTI,25-Feb-2011,52.04,53.85,51.59,53.64,171500
UMBF,25-Feb-2011,39.42,40.18,39.42,40.11,157400
UMPQ,25-Feb-2011,11.27,11.55,11.25,11.55,617000
UNAM,25-Feb-2011,9.5,9.65,9.5,9.65,5400
UNB,25-Feb-2011,19.03,19.03,19,19,900
UNFI,25-Feb-2011,41.02,41.96,41,41.96,313400
UNIS,25-Feb-2011,49.7,49.8,47,48,122400
UNTY,25-Feb-2011,6.49,6.75,6.4,6.67,25500
UNXL,25-Feb-2011,6.8,6.8,6.65,6.66,8500
URBN,25-Feb-2011,37.14,37.7,37,37.49,1195600
URRE,25-Feb-2011,343.2,348,336,345.6,1870300
USAK,25-Feb-2011,12.95,13.21,12.52,12.89,11600
USAP,25-Feb-2011,32.63,33.32,32.51,33.31,23600
USAT,25-Feb-2011,1.85,1.97,1.84,1.9,505300
USATP,25-Feb-2011,17.5,17.5,17.5,17.5,0
USCR,25-Feb-2011,9.85,9.99,9.62,9.93,17300
USEG,25-Feb-2011,38.76,38.88,37.56,38.4,226800
USLM,25-Feb-2011,39.67,40.53,39.67,40.53,3300
UTEK,25-Feb-2011,24.12,24.7,23.84,24.67,127300
UTHR,25-Feb-2011,67.8,68.06,67.1,67.99,423100
UTMD,25-Feb-2011,27.6,27.6,27.37,27.4,1500
UTSI,25-Feb-2011,6.39,6.45,6.15,6.24,1043100
UVSP,25-Feb-2011,17.42,18.08,17.42,18.02,24500
VALU,25-Feb-2011,14.27,14.48,14.17,14.46,1400
VASC,25-Feb-2011,10.57,11,10.57,10.98,29800
VBFC,25-Feb-2011,48,49.92,48,49.92,10900
VCIT,25-Feb-2011,79.3,79.52,79.03,79.52,57800
VCLT,25-Feb-2011,77.01,77.3,76.84,77.21,6400
VCSH,25-Feb-2011,77.66,77.78,77.63,77.78,1564400
VDSI,25-Feb-2011,8.94,9.02,8.83,8.97,122200
VECO,25-Feb-2011,48.64,48.73,47.43,48.4,1235500
VGIT,25-Feb-2011,60.85,60.88,60.8,60.88,2400
VGLT,25-Feb-2011,59.42,59.59,59.4,59.59,2200
VGSH,25-Feb-2011,60.51,60.57,60.51,60.57,11400
VIA,25-Feb-2011,50.11,51.02,49.94,50.95,13000
VIAB,25-Feb-2011,44.03,44.67,43.87,44.64,2596400
VICL,25-Feb-2011,19.3,20.8,18.8,20.1,1283200
VICR,25-Feb-2011,14.87,15.14,14.85,15,100700
VIRC,25-Feb-2011,3.16,3.19,3.1,3.15,5600
VISN,25-Feb-2011,86.4,89.8,86.2,88.2,176800
VIVO,25-Feb-2011,21.39,21.75,21.25,21.74,162500
VLGEA,25-Feb-2011,29.51,30.36,29.51,30.22,4900
VMBS,25-Feb-2011,50.31,50.4,50.31,50.38,4900
VNDA,25-Feb-2011,7.22,7.35,7.19,7.28,90300
VNQI,25-Feb-2011,49.98,50.19,49.88,50.18,18200
VOD,25-Feb-2011,28.16,28.42,28.08,28.35,3812000
VONE,25-Feb-2011,60.41,60.41,60.41,60.41,200
VONG,25-Feb-2011,61.63,61.95,61.63,61.95,1608100
VONV,25-Feb-2011,59,59.18,59,59.18,400
VOXX,25-Feb-2011,8.16,8.26,8.07,8.25,99000
VRA,25-Feb-2011,34.06,34.44,33.66,34.39,112800
VRML,25-Feb-2011,5.24,5.29,5.11,5.15,90300
VRNT,25-Feb-2011,33.5,33.87,33.47,33.68,71900
VRSK,25-Feb-2011,32.56,32.75,32.36,32.49,1195700
VRSN,25-Feb-2011,35.83,36.16,35.75,35.98,1502000
VRTB,25-Feb-2011,6.36,6.36,6.36,6.36,700
VRTS,25-Feb-2011,55.83,58.39,55.83,58.08,14200
VRTU,25-Feb-2011,16.47,16.63,16.42,16.56,25600
VRTX,25-Feb-2011,43.62,44.98,43.31,44.84,2379500
VSAT,25-Feb-2011,40.55,41.41,40.35,41.41,177600
VSEC,25-Feb-2011,14.535,14.76,13.355,13.875,54300
VTHR,25-Feb-2011,60.62,60.62,60.62,60.62,500
VTWG,25-Feb-2011,65.62,66.25,65.11,66.25,3400
VTWO,25-Feb-2011,63.86,64.69,63.71,64.69,8200
VTWV,25-Feb-2011,62.6,62.6,62.34,62.6,200
VVUS,25-Feb-2011,7.64,7.65,7.44,7.64,1035000
VXUS,25-Feb-2011,50.28,50.58,50.16,50.58,39700
WABC,25-Feb-2011,50.56,51.82,50.22,51.8,444600
WAFD,25-Feb-2011,17.57,17.88,17.37,17.86,513800
WASH,25-Feb-2011,22.49,23.05,22.45,23.05,24700
WAYN,25-Feb-2011,8.44,8.44,8.44,8.44,0
WBKC,25-Feb-2011,13.5,13.58,13.5,13.56,1700
WBMD,25-Feb-2011,56.11,57.13,55.43,57.05,707300
WDC,25-Feb-2011,30.98,31.5,30.82,31.19,4278400
WDFC,25-Feb-2011,40.25,40.56,40.04,40.55,101200
WERN,25-Feb-2011,23.39,23.92,23.21,23.9,699600
WEYS,25-Feb-2011,24.01,24.74,24.01,24.58,7700
WFM,25-Feb-2011,28.83,29.135,28.725,28.94,1414700
WILC,25-Feb-2011,7.5,7.56,7.45,7.52,7000
WIN,25-Feb-2011,12.37,12.49,12.35,12.45,5845600
WINA,25-Feb-2011,35.42,36.41,34.52,36.41,1900
WIRE,25-Feb-2011,22.53,23.42,22.52,23.42,87100
WLDN,25-Feb-2011,4.31,4.45,4.31,4.36,1200
WLFC,25-Feb-2011,13.1,13.1,13.03,13.04,5900
WMAR,25-Feb-2011,10.49,10.7,10.25,10.38,76500
WMGI,25-Feb-2011,15.63,16.23,15.49,16.07,573500
WOOD,25-Feb-2011,47.67,47.93,47.57,47.9,201600
WOOF,25-Feb-2011,24.75,25.13,24.71,25.09,338100
WPCS,25-Feb-2011,423.5,431.2,418.88,429.66,5200
WPPGY,25-Feb-2011,66.49,67.29,66.4,67.27,55000
WPRT,25-Feb-2011,18.34,18.8,18.21,18.72,1227600
WRLD,25-Feb-2011,60.06,60.81,59.63,60.06,145600
WSBC,25-Feb-2011,20.07,20.82,19.92,20.76,62600
WSBF,25-Feb-2011,2.69,2.88,2.67,2.82,7600
WSCI,25-Feb-2011,4.71,4.82,4.7,4.82,1200
WSFS,25-Feb-2011,14.81,15.2833,14.7033,15.23,16800
WSTG,25-Feb-2011,14.32,14.43,13.89,14.35,11600
WSTL,25-Feb-2011,3.3,3.42,3.25,3.32,299500
WTBA,25-Feb-2011,7.63,7.7,7.58,7.68,16500
WTFC,25-Feb-2011,33.12,33.76,33.09,33.75,189300
WTFCW,25-Feb-2011,16,16,16,16,2500
WVFC,25-Feb-2011,8.69,8.69,8.6,8.65,1300
WVVI,25-Feb-2011,3.39,3.39,3.37,3.39,1400
WWD,25-Feb-2011,32.21,33.06,32.14,32.99,367400
WYNN,25-Feb-2011,120.82,123.45,120.13,121.84,1215200
XBKS,25-Feb-2011,5.21,5.21,5.21,5.21,0
XLNX,25-Feb-2011,33.11,33.81,33.1,33.79,2410700
XOMA,25-Feb-2011,100,101.6,98.4,100.4,648100
XRAY,25-Feb-2011,36.15,36.85,36.13,36.74,505800
XXIA,25-Feb-2011,17.75,18.17,17.42,17.71,490300
YHOO,25-Feb-2011,16.42,16.77,16.38,16.5,16939500
YORW,25-Feb-2011,16.96,17.05,16.82,17,18600
YRCW,25-Feb-2011,3.41,3.44,3.33,3.42,1391000
ZAGG,25-Feb-2011,9.09,9.1,8.55,8.84,810100
ZBRA,25-Feb-2011,37.27,37.54,37.13,37.34,369900
ZEUS,25-Feb-2011,27.01,27.34,26.25,27.33,90500
ZGNX,25-Feb-2011,28.4,33.44,28.4,32.8,221400
ZION,25-Feb-2011,23.29,23.57,23.09,23.48,3002100
ZIONW,25-Feb-2011,7.1,7.1,7.1,7.1,0
ZIOP,25-Feb-2011,5.99,6.45,5.95,6.16,3422500
ZIXI,25-Feb-2011,3.56,3.68,3.56,3.64,1355300
ZN,25-Feb-2011,4.57,4.58,4.53,4.58,49400
ZUMZ,25-Feb-2011,24.77,25.62,24.7,25.6,219700
