Symbol,Date,Open,High,Low,Close,Volume
AAME,09-Aug-2012,2.66,2.72,2.66,2.7,5200
AAON,09-Aug-2012,8.8222,8.8311,8.6222,8.6933,56000
AAPL,09-Aug-2012,88.2643,88.8186,88.2571,88.6757,7921700
AAWW,09-Aug-2012,51.35,52.23,51.25,52.13,256000
AAXJ,09-Aug-2012,54.37,54.72,54.35,54.42,154400
ABAX,09-Aug-2012,37.8,38.1,37.38,37.83,42800
ABCB,09-Aug-2012,11.75,11.82,11.34,11.45,72600
ABCD,09-Aug-2012,1.02,1.02,0.92,0.98,85600
ABCO,09-Aug-2012,42.53,42.66,42.27,42.39,303200
ABIO,09-Aug-2012,15.54,15.54,14.28,14.28,150000
ABMD,09-Aug-2012,21.56,22.14,21.51,21.98,473400
ABTL,09-Aug-2012,3.62,3.8,3.4,3.68,50500
ACAD,09-Aug-2012,1.52,1.55,1.5,1.51,210000
ACAS,09-Aug-2012,10.86,10.96,10.8,10.89,3311500
ACAT,09-Aug-2012,44.44,44.73,43.12,43.74,212200
ACET,09-Aug-2012,9.09,9.13,8.99,9.03,27200
ACFC,09-Aug-2012,2.52,2.52,2.49,2.49,400
ACGL,09-Aug-2012,39.66,39.81,39.31,39.32,407100
ACHC,09-Aug-2012,17.56,19,17.01,18.86,245800
ACHN,09-Aug-2012,6.36,6.36,5.73,5.82,2084600
ACIW,09-Aug-2012,15.2533,15.3167,15.05,15.13,141400
ACLS,09-Aug-2012,3.96,4.2,3.96,4.16,560600
ACNB,09-Aug-2012,14.3,14.3,14.3,14.3,900
ACOR,09-Aug-2012,21.82,22.12,21.77,21.97,200500
ACPW,09-Aug-2012,3.95,4.05,3.95,4.05,186700
ACRX,09-Aug-2012,3.08,3.1,3.05,3.07,10200
ACTG,09-Aug-2012,26.71,26.93,26.19,26.7,712900
ACTS,09-Aug-2012,1.68,1.68,1.66,1.67,38900
ACUR,09-Aug-2012,1.6,1.6,1.5,1.54,74400
ACWI,09-Aug-2012,45.39,45.64,45.38,45.54,99800
ACWX,09-Aug-2012,38.35,38.65,38.35,38.56,227600
ACXM,09-Aug-2012,16.27,16.44,16.22,16.33,335800
ADBE,09-Aug-2012,32.6,32.94,32.42,32.65,4344300
ADES,09-Aug-2012,11.47,12.43,11.42,12.175,91200
ADI,09-Aug-2012,40.04,40.49,40.01,40.36,1520700
ADP,09-Aug-2012,50.395,50.4477,50.0352,50.1756,1042800
ADRA,09-Aug-2012,24.02,24.06,24.02,24.06,1700
ADRD,09-Aug-2012,19.44,19.56,19.43,19.55,6900
ADRE,09-Aug-2012,39.04,39.33,38.68,39.15,32800
ADRU,09-Aug-2012,19.4,19.4,19.4,19.4,100
ADSK,09-Aug-2012,35.2,35.51,34.97,35.17,1205000
ADTN,09-Aug-2012,22.14,22.78,21.93,22.56,566100
ADUS,09-Aug-2012,4.47,4.5,4.46,4.5,6500
AEGN,09-Aug-2012,19.59,19.93,19.42,19.54,172200
AEGR,09-Aug-2012,13.54,13.62,12.86,13.54,108800
AEHR,09-Aug-2012,1.1,1.29,1.1,1.25,8400
AEIS,09-Aug-2012,12.43,12.99,12.43,12.84,300600
AEPI,09-Aug-2012,47.01,47.54,46.9,47.3,17900
AETI,09-Aug-2012,4.39,4.39,4.35,4.37,2300
AEY,09-Aug-2012,2.06,2.07,2.04,2.07,5000
AEZS,09-Aug-2012,246,252,246,246,180600
AFAM,09-Aug-2012,21.83,22.15,21.74,21.92,51100
AFSI,09-Aug-2012,14.52,14.62,14.47,14.525,209900
AGEN,09-Aug-2012,4.65,4.68,4.56,4.6,56100
AGII,09-Aug-2012,31.35,31.35,31.23,31.35,55200
AGNC,09-Aug-2012,33.59,34.04,33.55,33.97,5618900
AGNCP,09-Aug-2012,26.99,26.99,26.8,26.97,33500
AGYS,09-Aug-2012,8.57,8.62,8.35,8.37,34200
AHGP,09-Aug-2012,45.57,46.82,45.57,46.64,26200
AHPI,09-Aug-2012,2.77,2.81,2.77,2.81,200
AIMC,09-Aug-2012,17.56,17.71,17.41,17.43,52400
AINV,09-Aug-2012,7.59,7.66,7.55,7.61,1070400
AIRM,09-Aug-2012,38.08,38.1967,37.31,38.05,49300
AIRT,09-Aug-2012,8.5,8.6,8.36,8.6,1300
AIXG,09-Aug-2012,14.91,15.13,14.84,14.95,89100
AKAM,09-Aug-2012,36.28,36.41,35.97,36.21,1396800
AKRX,09-Aug-2012,13.69,13.78,13.25,13.31,1645700
ALCO,09-Aug-2012,28.09,28.1,26.59,27.4,16000
ALGN,09-Aug-2012,34.59,34.91,34.32,34.72,614800
ALGT,09-Aug-2012,69.69,70.46,65.92,66.98,221000
ALIM,09-Aug-2012,2.44,2.44,2.22,2.24,74900
ALKS,09-Aug-2012,17.7,17.78,17.5,17.54,549900
ALLT,09-Aug-2012,24.75,26.7,24.72,26.24,805600
ALNY,09-Aug-2012,17.81,18.01,17.5,17.91,306600
ALOG,09-Aug-2012,65.01,66,64.66,65.09,40900
ALOT,09-Aug-2012,8.4,8.46,8.11,8.11,1400
ALSK,09-Aug-2012,2.17,2.2,2.14,2.16,306700
ALXN,09-Aug-2012,104.48,105.46,103.47,103.63,739500
AMAG,09-Aug-2012,15.28,15.39,14.94,15.08,61300
AMAT,09-Aug-2012,11.9,12,11.85,11.89,11798400
AMCC,09-Aug-2012,5.61,5.65,5.39,5.4,2555300
AMCN,09-Aug-2012,1.77,1.78,1.7,1.74,15800
AMCX,09-Aug-2012,43.12,45.09,42.05,44,1112100
AMD,09-Aug-2012,4.41,4.41,4.23,4.37,23073100
AMED,09-Aug-2012,13.81,14.36,13.8,14.02,323200
AMGN,09-Aug-2012,81,82.13,80.96,81.97,3387400
AMKR,09-Aug-2012,5.39,5.57,5.37,5.53,1033800
AMNB,09-Aug-2012,22.04,22.25,21.75,22.24,18400
AMOT,09-Aug-2012,5.95,6.19,5.95,6.19,2500
AMOV,09-Aug-2012,26.15,26.22,26.1,26.1,1900
AMRB,09-Aug-2012,6.72,6.74,6.41,6.49,7100
AMRI,09-Aug-2012,2.98,3.05,2.98,3.02,25300
AMRN,09-Aug-2012,11.77,13.46,11.71,12.91,14714900
AMRS,09-Aug-2012,4,4.03,3.81,3.85,357100
AMSC,09-Aug-2012,41.1,41.2,39.6,40.6,325800
AMSF,09-Aug-2012,25.8,26.25,25.49,25.53,23300
AMSG,09-Aug-2012,29.78,30.03,29.55,29.96,186700
AMSWA,09-Aug-2012,8.47,8.59,8.43,8.57,12000
AMWD,09-Aug-2012,18.04,18.04,16.98,17.14,36900
AMZN,09-Aug-2012,233.93,235.99,233.5,234.06,1548500
ANAT,09-Aug-2012,70.82,71.17,70.5,71.11,4600
ANCB,09-Aug-2012,11.8,11.8,11.8,11.8,0
ANCX,09-Aug-2012,13.6,13.6,13.41,13.45,11800
ANDAU,09-Aug-2012,10,10,10,10,0
ANDE,09-Aug-2012,25.1867,25.2333,24.3867,24.4,160000
ANGI,09-Aug-2012,13.3,13.74,13.08,13.41,142700
ANGO,09-Aug-2012,10.63,10.77,10.61,10.72,58800
ANIK,09-Aug-2012,14.63,14.9,14.58,14.82,72000
ANSS,09-Aug-2012,66.43,67.36,66.41,66.88,829500
ANTH,09-Aug-2012,7.44,7.76,7.36,7.76,423600
AOSL,09-Aug-2012,8.1,8.7,8.1,8.47,52000
APEI,09-Aug-2012,32.1,32.75,31.94,32.6,291500
APOG,09-Aug-2012,15.78,16.18,15.69,16.06,109400
APOL,09-Aug-2012,28.28,28.52,27.91,28.45,1645700
APPY,09-Aug-2012,11.6,11.6,10.88,11.28,70400
APRI,09-Aug-2012,33.9,35.1,33.3,33.5,124800
APWC,09-Aug-2012,2.96,2.96,2.92,2.92,3500
ARAY,09-Aug-2012,6.52,6.65,6.5,6.59,147400
ARCC,09-Aug-2012,17.07,17.23,17.06,17.14,1160900
ARCI,09-Aug-2012,3.35,3.36,3.25,3.25,3600
ARCW,09-Aug-2012,1.324,1.324,1.324,1.324,0
AREX,09-Aug-2012,27.67,28.69,27.39,28.48,236000
ARIA,09-Aug-2012,18.91,19.1,18.75,19.1,1264700
ARII,09-Aug-2012,29.18,30.2,29.18,29.7,63200
ARKR,09-Aug-2012,15.04,15.5,14.51,15.2,5100
ARLP,09-Aug-2012,30.665,31.54,30.49,31.515,137700
ARNA,09-Aug-2012,7.27,7.49,7.27,7.36,7987600
AROW,09-Aug-2012,24.5,24.7,24.5,24.64,16800
ARQL,09-Aug-2012,6.59,6.7,6.55,6.6,214800
ARRS,09-Aug-2012,13.51,13.63,13.47,13.57,518300
ARRY,09-Aug-2012,4.64,4.67,4.54,4.61,708500
ARTNA,09-Aug-2012,21.83,22.5,21.25,22.19,36600
ARTW,09-Aug-2012,6.71,6.76,6.49,6.65,14800
ARTX,09-Aug-2012,0.8,0.9,0.71,0.89,35900
ARWR,09-Aug-2012,3.67,3.67,3.31,3.31,119200
ASBB,09-Aug-2012,14.58,14.58,14.58,14.58,0
ASCMA,09-Aug-2012,51.97,52.25,48.84,49.67,18000
ASFI,09-Aug-2012,9.43,9.46,9.36,9.42,7800
ASML,09-Aug-2012,57.39,57.9,57.33,57.59,1137700
ASNA,09-Aug-2012,18.32,18.63,18.25,18.46,908800
ASPS,09-Aug-2012,84.74,84.74,83.25,83.61,153000
ASRV,09-Aug-2012,2.85,2.9,2.82,2.9,6000
ASRVP,09-Aug-2012,27,27,26.55,26.55,200
ASTC,09-Aug-2012,1.23,1.23,1.16,1.23,24300
ASTE,09-Aug-2012,30.41,31.04,30.41,30.86,70300
ASUR,09-Aug-2012,6.62,7.02,6.6,7.02,8000
ASYS,09-Aug-2012,4.17,4.24,3.85,4.11,150600
ATAI,09-Aug-2012,4.58,4.58,4.25,4.39,2800
ATAX,09-Aug-2012,5.75,5.78,5.72,5.72,299500
ATEC,09-Aug-2012,18.24,19.44,18,18.96,441600
ATHN,09-Aug-2012,94.99,95.61,91.7,92.86,675200
ATHX,09-Aug-2012,1.55,1.55,1.5,1.53,20900
ATLO,09-Aug-2012,21.31,21.56,21.31,21.56,1400
ATNI,09-Aug-2012,39.21,39.25,37.51,39.01,27100
ATRC,09-Aug-2012,7.65,7.72,7.51,7.64,39400
ATRI,09-Aug-2012,218,220,218,220,300
ATRO,09-Aug-2012,24.8833,25.2833,24.8667,25.2667,20400
ATRS,09-Aug-2012,4.02,4.18,3.82,4.07,2661800
ATSG,09-Aug-2012,4.34,4.61,4.34,4.53,506400
ATTU,09-Aug-2012,7.55,7.69,7.52,7.68,32100
ATVI,09-Aug-2012,11.62,11.78,11.58,11.65,6595200
AUBN,09-Aug-2012,21.5,21.5,21.5,21.5,0
AUDC,09-Aug-2012,1.53,1.6,1.48,1.51,88700
AVAV,09-Aug-2012,24.18,24.88,24.05,24.69,220700
AVEO,09-Aug-2012,7.97,8.24,7.86,8.08,571700
AVGO,09-Aug-2012,37.04,37.57,37.01,37.32,999500
AVHI,09-Aug-2012,12.13,12.7,12.13,12.48,33800
AVID,09-Aug-2012,8.54,8.54,8.24,8.41,232300
AVNW,09-Aug-2012,27.24,27.48,26.88,27.48,134800
AWRE,09-Aug-2012,6.08,6.08,5.96,5.98,11200
AXAS,09-Aug-2012,2.65,2.65,2.36,2.38,1646400
AXTI,09-Aug-2012,2.8,3.02,2.8,2.99,201600
AZPN,09-Aug-2012,22.88,23,22.64,22.94,417100
BABY,09-Aug-2012,11.84,12.02,11.77,11.86,95800
BANF,09-Aug-2012,40.86,41.08,40.43,40.88,8800
BANFP,09-Aug-2012,27.01,27.01,27.01,27.01,0
BANR,09-Aug-2012,24.13,24.4,23.86,23.93,128200
BASI,09-Aug-2012,1,1.02,1,1,26400
BBBY,09-Aug-2012,64.13,64.27,63.43,63.56,1616400
BBGI,09-Aug-2012,5.06,5.06,4.99,5.03,2700
BBOX,09-Aug-2012,24.77,25.1,24.38,24.95,57200
BBRG,09-Aug-2012,16.21,16.63,16.11,16.45,90400
BBRY,09-Aug-2012,7.62,8.03,7.47,7.8,28547700
BBSI,09-Aug-2012,24.96,24.96,24.29,24.43,32400
BCBP,09-Aug-2012,10.36,10.47,10.25,10.25,15100
BCOM,09-Aug-2012,2.73,2.93,2.6,2.87,4200
BCOR,09-Aug-2012,15.64,16.02,15.62,15.84,374200
BCOV,09-Aug-2012,14.62,14.88,14.01,14.7,94100
BCPC,09-Aug-2012,35.04,35.28,34,34.3,94500
BCRX,09-Aug-2012,4.07,4.12,3.98,4.02,169200
BDE,09-Aug-2012,9.13,9.25,9.1,9.19,59800
BDGE,09-Aug-2012,20.06,20.22,20.02,20.13,5900
BDSI,09-Aug-2012,4.55,4.71,4.48,4.68,192100
BEAT,09-Aug-2012,1.95,1.98,1.92,1.95,108400
BEAV,09-Aug-2012,39.48,39.82,39.25,39.61,946300
BEBE,09-Aug-2012,6.07,6.17,6.02,6.16,291600
BECN,09-Aug-2012,25.49,26.48,25.32,25.66,960300
BELFA,09-Aug-2012,18.5,18.5,18.5,18.5,0
BELFB,09-Aug-2012,18.52,18.52,18.22,18.33,5600
BFIN,09-Aug-2012,7.79,7.83,7.69,7.76,7000
BGCP,09-Aug-2012,4.8,4.95,4.8,4.92,1101300
BGFV,09-Aug-2012,8.1,8.15,7.81,8.01,55300
BIB,09-Aug-2012,13.6675,13.7875,13.5625,13.6475,1600
BICK,09-Aug-2012,23.49,23.54,23.44,23.44,4300
BIDU,09-Aug-2012,131,132,129.78,130.94,2534100
BIIB,09-Aug-2012,144.86,145.33,142.72,143.09,1209700
BIOC,09-Aug-2012,15.18,16.05,15.18,15.96,10800
BIOD,09-Aug-2012,2.9,3.04,2.72,3.04,30300
BIOL,09-Aug-2012,1.6,1.81,1.6,1.8,110200
BIOS,09-Aug-2012,7.24,7.51,7.14,7.34,796500
BIS,09-Aug-2012,74.32,74.32,74.32,74.32,200
BJRI,09-Aug-2012,40.29,40.56,40.02,40.23,197900
BKCC,09-Aug-2012,9.59,9.68,9.55,9.58,247200
BKEP,09-Aug-2012,6.42,6.51,6.38,6.48,10800
BKEPP,09-Aug-2012,8.72,8.72,8.72,8.72,0
BKMU,09-Aug-2012,4.26,4.38,4.25,4.3,34200
BKSC,09-Aug-2012,11.54,12.19,11.52,12.19,2400
BLDP,09-Aug-2012,1.11,1.13,1.09,1.13,60400
BLDR,09-Aug-2012,3.75,3.83,3.63,3.73,204500
BLIN,09-Aug-2012,6.4,6.4,6.2,6.25,25200
BLKB,09-Aug-2012,25.18,26.83,24.8,25.1,330400
BLMN,09-Aug-2012,12.53,13.67,12.51,13.49,1560900
BLMT,09-Aug-2012,12.83,12.99,12.72,12.94,3800
BLRX,09-Aug-2012,2.69,2.69,2.56,2.58,76300
BMRC,09-Aug-2012,38.41,38.83,38.34,38.6,7200
BMRN,09-Aug-2012,38.28,38.38,37.84,38.01,821300
BMTC,09-Aug-2012,21.69,21.95,21.3,21.91,25200
BNCL,09-Aug-2012,8.75,8.83,8.6,8.82,39500
BNCN,09-Aug-2012,8.03,8.09,7.88,8.08,1800
BNSO,09-Aug-2012,1,1,1,1,0
BOBE,09-Aug-2012,39.48,39.48,39.15,39.29,45400
BOCH,09-Aug-2012,4.16,4.19,4.16,4.16,1000
BOFI,09-Aug-2012,5.24,5.5975,5.24,5.45,93000
BOKF,09-Aug-2012,58.54,58.63,57.56,57.93,33600
BONT,09-Aug-2012,6.81,7.34,6.81,7.32,97400
BOOM,09-Aug-2012,15.78,15.93,15.72,15.77,23200
BOSC,09-Aug-2012,2.24,2.32,2.24,2.28,23700
BOTJ,09-Aug-2012,5.8,5.8,5.8,5.8,0
BPFH,09-Aug-2012,9.85,9.92,9.78,9.85,327800
BPFHW,09-Aug-2012,4.29,4.29,4.29,4.29,0
BPOP,09-Aug-2012,15.68,15.78,15.58,15.74,829700
BPOPM,09-Aug-2012,21.98,22.05,21.98,22.05,31800
BPOPN,09-Aug-2012,23.25,23.67,23.25,23.67,1100
BRCD,09-Aug-2012,5.34,5.39,5.28,5.38,4318700
BREW,09-Aug-2012,8.38,8.53,8.22,8.36,16700
BRID,09-Aug-2012,7.52,7.55,7.52,7.52,800
BRKL,09-Aug-2012,8.67,8.74,8.64,8.65,168000
BRKR,09-Aug-2012,12.09,12.22,12.04,12.15,918900
BRKS,09-Aug-2012,9.58,9.73,9.48,9.57,210200
BSET,09-Aug-2012,12.21,12.21,12.02,12.07,16500
BSFT,09-Aug-2012,38.46,39.82,38.14,38.23,898600
BSPM,09-Aug-2012,9.8,10.29,9.73,10.01,44600
BSQR,09-Aug-2012,2.96,3.19,2.81,3.19,46900
BSRR,09-Aug-2012,10.8,10.95,10.5,10.57,29200
BSTC,09-Aug-2012,18.2,18.49,18.2,18.49,900
BUR,09-Aug-2012,5.07,5.07,5.07,5.07,0
BUSE,09-Aug-2012,4.75,4.8,4.69,4.71,28400
BV,09-Aug-2012,16.12,16.59,16.12,16.51,121400
BVSN,09-Aug-2012,8.54,9.05,8.54,8.9,58100
BWEN,09-Aug-2012,2.8,2.8,1.7,2.4,2281700
BWINA,09-Aug-2012,22.9,22.9,22.88,22.88,500
BWINB,09-Aug-2012,22.94,23.1,22.68,22.86,7100
BWLD,09-Aug-2012,73.31,73.35,72.15,72.54,351700
BYFC,09-Aug-2012,0.97,0.97,0.97,0.97,200
CA,09-Aug-2012,25.54,25.69,25.37,25.68,2845400
CAAS,09-Aug-2012,4,4.1,3.81,3.98,63800
CAC,09-Aug-2012,34.92,35.25,34.85,35.05,4400
CACB,09-Aug-2012,5,5,4.74,4.93,3500
CACC,09-Aug-2012,102.5,102.78,100.02,100.69,22100
CADC,09-Aug-2012,6.6,7.08,5.64,6,67400
CAKE,09-Aug-2012,33.28,33.4,32.99,33.03,577500
CALD,09-Aug-2012,3.94,4.07,3.9,4.05,861900
CALI,09-Aug-2012,1.44,1.44,1.26,1.26,13600
CALL,09-Aug-2012,22.26,22.44,21.83,21.97,164400
CALM,09-Aug-2012,19.19,19.31,19.06,19.18,66700
CAMP,09-Aug-2012,7.49,7.54,7.41,7.46,93000
CAMT,09-Aug-2012,2.04,2.06,2.02,2.03,4800
CAR,09-Aug-2012,15.31,15.7,15.26,15.7,1112700
CARB,09-Aug-2012,7.68,7.85,7.65,7.78,54700
CART,09-Aug-2012,2.85,2.85,2.85,2.85,600
CARV,09-Aug-2012,5.87,5.87,5.87,5.87,0
CARZ,09-Aug-2012,24.49,24.49,24.49,24.49,0
CASH,09-Aug-2012,22.94,22.99,22.94,22.99,200
CASM,09-Aug-2012,1.86,1.99,1.8,1.92,22600
CASS,09-Aug-2012,39.33,39.89,39.06,39.6,3000
CASY,09-Aug-2012,60.25,60.7,60.02,60.13,126800
CATM,09-Aug-2012,30.3,30.47,30.08,30.31,116300
CATY,09-Aug-2012,16.46,16.63,16.36,16.5,239700
CAVM,09-Aug-2012,32.48,34.03,32.13,32.78,1857800
CBAK,09-Aug-2012,1.75,1.95,1.75,1.9,81900
CBAN,09-Aug-2012,4,4,4,4,0
CBLI,09-Aug-2012,30.6,31,28.6,28.6,128600
CBMX,09-Aug-2012,105,105,105,105,1100
CBOE,09-Aug-2012,28.98,29.12,28.92,28.93,265900
CBPO,09-Aug-2012,10.35,10.35,10.35,10.35,200
CBRL,09-Aug-2012,64.32,64.32,62.82,63.18,133800
CBSH,09-Aug-2012,39.8,39.8,39.24,39.35,192400
CCBG,09-Aug-2012,7.77,7.87,7.66,7.84,4500
CCCL,09-Aug-2012,21.04,21.6,21.04,21.2,7300
CCIH,09-Aug-2012,5.04,5.3,5.04,5.1,9200
CCMP,09-Aug-2012,31.36,31.97,31.22,31.48,117600
CCNE,09-Aug-2012,16.27,16.32,16,16.2,8600
CCOI,09-Aug-2012,18.88,18.88,17.95,18.14,808100
CCRN,09-Aug-2012,4.18,4.22,4.08,4.14,76100
CCUR,09-Aug-2012,4.4,4.4,4.33,4.35,10200
CCXI,09-Aug-2012,13.69,14,11.7,12.33,15000
CDNS,09-Aug-2012,12.44,12.66,12.43,12.58,3554300
CDTI,09-Aug-2012,12.6,12.95,11.25,11.8,103700
CDXS,09-Aug-2012,3.2,3.31,3.03,3.1,130800
CDZI,09-Aug-2012,8.47,9.08,8.26,8.69,30900
CECE,09-Aug-2012,7.9,8.37,7.9,8.23,63900
CECO,09-Aug-2012,3.68,3.75,3.58,3.66,977200
CELG,09-Aug-2012,35.75,35.975,35.425,35.625,1941200
CELGZ,09-Aug-2012,2.47,2.47,2.44,2.44,1100
CEMI,09-Aug-2012,5.2,5.2,4.5,4.98,64900
CEMP,09-Aug-2012,7.39,7.49,7.14,7.29,5600
CENT,09-Aug-2012,10.21,10.27,10.09,10.17,51700
CENTA,09-Aug-2012,10.73,10.86,10.65,10.68,146200
CENX,09-Aug-2012,6.38,6.65,6.34,6.59,687900
CERN,09-Aug-2012,36.28,36.39,35.79,35.85,928400
CERS,09-Aug-2012,3.21,3.22,3.17,3.2,111200
CETV,09-Aug-2012,5.24,5.44,5.02,5.31,321500
CEVA,09-Aug-2012,16.2,16.78,15.93,16.44,159000
CFBK,09-Aug-2012,1.87,1.87,1.61,1.61,600
CFFI,09-Aug-2012,39.83,39.83,39.7,39.7,200
CFFN,09-Aug-2012,11.69,11.71,11.63,11.71,695400
CFNB,09-Aug-2012,15.87,16.04,15.87,16.04,500
CFNL,09-Aug-2012,12.66,12.66,12.4,12.52,36800
CG,09-Aug-2012,24.64,25.95,23.72,24.02,140600
CGEN,09-Aug-2012,3.49,3.49,3.33,3.34,35700
CGNX,09-Aug-2012,17.81,18.095,17.7,17.915,205000
CGO,09-Aug-2012,13.76,13.83,13.64,13.83,10000
CHCI,09-Aug-2012,1.24,1.25,1.19,1.2,15300
CHCO,09-Aug-2012,33.04,33.5,33.02,33.1,35000
CHDN,09-Aug-2012,57.9,58.11,57.53,57.9,20400
CHEF,09-Aug-2012,14.6,14.74,14.37,14.54,26600
CHFC,09-Aug-2012,22.57,22.72,22.48,22.62,20100
CHFN,09-Aug-2012,9.08,9.3,9.06,9.27,9700
CHI,09-Aug-2012,12.53,12.57,12.45,12.57,109700
CHKE,09-Aug-2012,13.77,13.96,13.76,13.92,9000
CHKP,09-Aug-2012,50.85,51.34,50.5,50.65,1378300
CHNR,09-Aug-2012,7.01,7.01,6.54,6.8,5000
CHRW,09-Aug-2012,53.91,54.02,53.66,53.8,992500
CHSCP,09-Aug-2012,31.51,32,31.51,32,32900
CHTR,09-Aug-2012,74.63,76.25,74.5,75.51,2375900
CHUY,09-Aug-2012,19.15,19.49,18.8,19.46,55100
CHW,09-Aug-2012,8.32,8.41,8.28,8.38,168500
CHY,09-Aug-2012,12.75,12.82,12.69,12.82,105100
CIDM,09-Aug-2012,12.5,13.3,12.5,12.8,3900
CINF,09-Aug-2012,38.16,38.32,38.01,38.18,513400
CISG,09-Aug-2012,5.81,5.94,5.81,5.92,17400
CIZN,09-Aug-2012,19.29,19.29,19.29,19.29,0
CJJD,09-Aug-2012,0.77,0.77,0.75,0.76,21100
CKEC,09-Aug-2012,13.34,13.42,12.99,13.18,78400
CLBH,09-Aug-2012,5.85,6.03,5.85,6,12300
CLCT,09-Aug-2012,14.92,15.19,14.91,15.04,8900
CLDX,09-Aug-2012,4.67,4.82,4.6,4.75,622200
CLFD,09-Aug-2012,4.5,4.77,4.5,4.77,16200
CLIR,09-Aug-2012,7.4,7.4,7.11,7.15,3600
CLMS,09-Aug-2012,10.75,10.95,10.68,10.89,43300
CLMT,09-Aug-2012,25.09,25.49,25.04,25.25,231600
CLNE,09-Aug-2012,13.08,13.4,13.05,13.32,1405500
CLNT,09-Aug-2012,2.55,2.66,2.54,2.57,72900
CLRO,09-Aug-2012,4,4.16,4,4.02,6600
CLSN,09-Aug-2012,3.01,3.05,2.94,2.95,326500
CLUB,09-Aug-2012,13.04,13.25,12.93,13.05,52800
CLVS,09-Aug-2012,15.75,15.88,14.58,14.7,41100
CLWT,09-Aug-2012,3.56,3.83,3.56,3.83,700
CMCO,09-Aug-2012,14.89,15.25,14.89,15.24,41300
CMCSA,09-Aug-2012,34.52,34.72,34.36,34.55,11731900
CME,09-Aug-2012,53.09,53.72,52.95,53.51,1620300
CMLS,09-Aug-2012,20.96,21.68,20.88,21.04,271200
CMTL,09-Aug-2012,27.87,28.38,27.87,28.11,81300
CNBKA,09-Aug-2012,30.84,30.84,30.84,30.84,200
CNET,09-Aug-2012,0.58,0.59,0.58,0.59,5400
CNIT,09-Aug-2012,0.91,0.95,0.82,0.9,45500
CNMD,09-Aug-2012,26.97,27.17,26.81,26.92,45000
CNOB,09-Aug-2012,11.4,11.51,11.15,11.31,34700
CNSL,09-Aug-2012,16.12,16.4,16.05,16.39,207400
CNTF,09-Aug-2012,5.25,5.7,5.25,5.55,20300
CNTY,09-Aug-2012,2.63,2.65,2.6,2.61,20500
COBZ,09-Aug-2012,6.99,7.06,6.76,6.86,64100
COHR,09-Aug-2012,48.68,48.92,47.79,48.15,44500
COHU,09-Aug-2012,8.97,9.28,8.97,9.06,32600
COKE,09-Aug-2012,67.02,67.02,66.21,66.49,10400
COLB,09-Aug-2012,17.97,18.04,17.87,17.87,206900
COLM,09-Aug-2012,26.85,26.995,26.15,26.61,248100
CONN,09-Aug-2012,20.91,22.26,20.67,22.25,610600
COOL,09-Aug-2012,72.24,73.5,71.4,72.24,159600
CORE,09-Aug-2012,11.9825,12.0425,11.7625,11.9075,33500
CORT,09-Aug-2012,3.22,3.23,3.07,3.18,277800
COST,09-Aug-2012,95.82,95.9,95.05,95.37,1006900
COWN,09-Aug-2012,2.52,2.56,2.45,2.54,136200
CPAH,09-Aug-2012,26.2,26.3,24.5,26.3,600
CPHC,09-Aug-2012,9.85,10.41,9.7,9.75,7600
CPHD,09-Aug-2012,38.03,39.47,37.78,39.03,874700
CPIX,09-Aug-2012,5.98,6,5.98,5.99,16100
CPLA,09-Aug-2012,31.15,31.67,30.43,31.49,107700
CPLP,09-Aug-2012,7.71,7.72,7.61,7.64,179100
CPRT,09-Aug-2012,24.7,25.17,24.64,25,517400
CPRX,09-Aug-2012,1.31,1.35,1.25,1.33,378900
CPSI,09-Aug-2012,49.83,50.14,47.26,47.67,146500
CPSS,09-Aug-2012,2.04,2.09,1.99,2.01,12900
CPST,09-Aug-2012,21.8,22,21.2,21.8,2403500
CRAI,09-Aug-2012,16.75,16.97,16.45,16.47,48100
CRAY,09-Aug-2012,11.92,11.95,11.56,11.68,251800
CRDS,09-Aug-2012,82.6,87.6,82.6,87,20700
CREE,09-Aug-2012,26.97,28.26,26.97,28.17,2558300
CREG,09-Aug-2012,10.7,10.7,10.7,10.7,300
CRESY,09-Aug-2012,8.74,8.95,8.65,8.9,52200
CRIS,09-Aug-2012,4.3,4.41,4.3,4.37,340200
CRME,09-Aug-2012,1.7,1.7,1.55,1.65,139000
CRMT,09-Aug-2012,46.65,47.1,46.64,46.94,6900
CRNT,09-Aug-2012,7.58,7.64,7.5,7.55,74600
CROX,09-Aug-2012,16.71,16.89,16.59,16.74,1059300
CRUS,09-Aug-2012,37.89,38.42,37.76,38.06,2101700
CRVL,09-Aug-2012,22.88,23.15,22.66,22.665,6200
CRWS,09-Aug-2012,5.55,5.55,5.5,5.5,11600
CRZO,09-Aug-2012,25.24,25.4,24.67,24.98,891800
CSBK,09-Aug-2012,9.77,9.83,9.75,9.82,1400
CSCO,09-Aug-2012,17.61,17.79,17.48,17.7,61058400
CSFL,09-Aug-2012,8.2,8.21,7.94,8,42000
CSGP,09-Aug-2012,83.24,83.31,82.88,83.21,59700
CSGS,09-Aug-2012,19.47,19.72,18.99,19.46,576900
CSII,09-Aug-2012,9.56,9.99,9.25,9.27,30200
CSIQ,09-Aug-2012,2.78,3.02,2.75,2.94,575200
CSOD,09-Aug-2012,26.09,26.5,25.18,25.3,191500
CSPI,09-Aug-2012,4.87,4.99,4.76,4.87,38100
CSQ,09-Aug-2012,10,10.05,9.99,10.04,346600
CSTE,09-Aug-2012,11.3,11.45,11.06,11.06,56700
CSTR,09-Aug-2012,48.38,49.66,48.35,49.13,1027300
CSWC,09-Aug-2012,25.7825,26.3025,25.7825,26.225,4000
CSX,09-Aug-2012,22.66,22.75,22.5,22.65,5714200
CTAS,09-Aug-2012,40.75,40.91,40.56,40.74,251700
CTBI,09-Aug-2012,34.55,34.81,34.55,34.7,14800
CTHR,09-Aug-2012,3.75,3.75,3.66,3.7,4700
CTIB,09-Aug-2012,5.33,5.4,5.33,5.4,400
CTIC,09-Aug-2012,2.15,2.2,2.05,2.15,3231100
CTRN,09-Aug-2012,15.28,15.28,14.62,14.76,108900
CTRP,09-Aug-2012,6.52,6.68,6.465,6.67,1775100
CTSH,09-Aug-2012,32.025,32.44,32.01,32.22,2350000
CTWS,09-Aug-2012,30.89,31.79,30.68,31.32,28100
CTXS,09-Aug-2012,73.15,75.75,72.9,75.55,2491200
CUBA,09-Aug-2012,7.02,7.04,7,7.04,2600
CUI,09-Aug-2012,7.05,7.05,6.92,6.92,6500
CUTR,09-Aug-2012,7.1,7.38,7.08,7.23,97000
CVBF,09-Aug-2012,11.87,11.92,11.78,11.8,315200
CVCO,09-Aug-2012,47.9,48.54,47.59,47.93,9100
CVCY,09-Aug-2012,7.35,7.35,7.35,7.35,1000
CVGI,09-Aug-2012,8.55,8.96,8.55,8.71,143300
CVGW,09-Aug-2012,27.25,27.36,26.29,26.55,32600
CVLT,09-Aug-2012,52.72,53.31,52.44,52.64,484800
CVLY,09-Aug-2012,15.59,15.59,15.46,15.59,1400
CVTI,09-Aug-2012,5.76,5.76,5.36,5.4,46500
CVV,09-Aug-2012,10,10.48,10,10.4,26700
CWBC,09-Aug-2012,2.8,2.8,2.6,2.71,1600
CWCO,09-Aug-2012,8.41,8.48,8.38,8.41,21600
CWST,09-Aug-2012,5.02,5.07,4.88,4.89,106400
CXDC,09-Aug-2012,4.4,4.45,4.3,4.36,15300
CY,09-Aug-2012,11.62,12.02,11.58,11.97,2193000
CYAN,09-Aug-2012,6.15,6.21,6.03,6.15,7600
CYBE,09-Aug-2012,6.11,6.26,6.11,6.15,15200
CYCC,09-Aug-2012,40.32,46.2,38.64,43.68,163200
CYCCP,09-Aug-2012,2.8,2.8,2.8,2.8,500
CYNO,09-Aug-2012,23.82,24.56,23.37,24.41,93100
CYOU,09-Aug-2012,23.31,23.65,22.68,23.55,273700
CYTK,09-Aug-2012,3.96,4.08,3.9,4.08,249100
CYTR,09-Aug-2012,4.64,4.65,4.45,4.49,111800
CYTX,09-Aug-2012,36.45,37.95,36.3,37.65,143300
CYTXW,09-Aug-2012,1,1,1,1,400
CZFC,09-Aug-2012,8.65,8.65,8.65,8.65,0
CZNC,09-Aug-2012,18.79,18.87,18.47,18.87,1900
CZR,09-Aug-2012,8.04,8.32,8,8.19,210300
CZWI,09-Aug-2012,5.85,6.09,5.84,6.09,29200
DAIO,09-Aug-2012,2.56,2.56,2.5,2.55,12800
DAKT,09-Aug-2012,7.73,7.8,7.65,7.74,81800
DAVE,09-Aug-2012,10.44,10.44,10.24,10.26,7500
DCIX,09-Aug-2012,49.6,49.76,48.96,49.28,488000
DCOM,09-Aug-2012,14.2,14.22,14.09,14.18,65600
DCTH,09-Aug-2012,27.2,29.6,26.72,29.12,754300
DENN,09-Aug-2012,4.64,4.65,4.58,4.6,120600
DEPO,09-Aug-2012,5.21,5.24,5.16,5.18,168300
DEST,09-Aug-2012,18.11,18.33,17.89,17.91,74200
DFRG,09-Aug-2012,12.94,12.94,12.65,12.7,24800
DGAS,09-Aug-2012,22.39,23.27,22.25,22.92,5900
DGICA,09-Aug-2012,13.81,14.57,13.79,14.39,46100
DGICB,09-Aug-2012,17,17,17,17,0
DGII,09-Aug-2012,9.53,9.59,9.46,9.55,140000
DGLY,09-Aug-2012,0.4,0.41,0.39,0.41,10100
DHIL,09-Aug-2012,72.29,72.9,71.58,72.3,2100
DHRM,09-Aug-2012,1.83,1.85,1.8,1.85,600
DIOD,09-Aug-2012,17.7,18.69,17.5,18.65,870700
DISCA,09-Aug-2012,53.89,54.56,53.6,53.91,1422800
DISCK,09-Aug-2012,25.31,25.595,25.3,25.355,594700
DISH,09-Aug-2012,30.33,31.05,29.95,30.99,2372000
DJCO,09-Aug-2012,97.25,97.25,95,95,500
DLBL,09-Aug-2012,70.09,70.09,70.06,70.06,2300
DLBS,09-Aug-2012,28.35,28.6,28.18,28.26,16000
DLHC,09-Aug-2012,1,1,1,1,0
DLTR,09-Aug-2012,52.86,52.96,51.56,51.66,1817100
DMLP,09-Aug-2012,22.19,22.6,22.16,22.43,20400
DMRC,09-Aug-2012,22.8,23.2,22.8,23.13,9500
DNBF,09-Aug-2012,14,14,14,14,0
DNKN,09-Aug-2012,30.65,30.86,30.44,30.7,1426600
DORM,09-Aug-2012,29.67,29.79,29.25,29.45,41900
DRAD,09-Aug-2012,2,2,1.91,2,12500
DRAM,09-Aug-2012,10.8,12.06,10.8,12.06,18200
DRRX,09-Aug-2012,0.98,0.98,0.84,0.84,293300
DRWI,09-Aug-2012,57.25,58.75,56.75,57.5,130100
DRYS,09-Aug-2012,3480,3615,3465,3570,3006000
DSCI,09-Aug-2012,9.74,9.81,9.47,9.56,17100
DSGX,09-Aug-2012,8.34,8.52,8.34,8.46,7000
DSPG,09-Aug-2012,5.96,6.02,5.85,5.86,31500
DSWL,09-Aug-2012,2.71,2.82,2.71,2.75,9000
DTLK,09-Aug-2012,8.08,8.11,7.82,7.88,54100
DTSI,09-Aug-2012,19.81,21.43,19.81,20.9,127900
DTUS,09-Aug-2012,40.76,40.76,40.76,40.76,100
DTYS,09-Aug-2012,27.81,27.84,27.49,27.53,47500
DVAX,09-Aug-2012,38.8,39.2,38.1,38.2,499000
DWCH,09-Aug-2012,17,17,16.52,16.92,4000
DWSN,09-Aug-2012,21.66,21.86,21.57,21.66,94500
DXCM,09-Aug-2012,12,12.38,11.88,12.35,444100
DXPE,09-Aug-2012,47.2,47.61,46.5,47.07,45400
DXYN,09-Aug-2012,3.3,3.49,3.3,3.35,4200
DYNT,09-Aug-2012,2.6,2.7,2.6,2.7,15100
DYSL,09-Aug-2012,1.2,1.2,1.2,1.2,0
EA,09-Aug-2012,12.91,13.16,12.86,13.12,7442800
EAC,09-Aug-2012,6.56,6.76,6.25,6.44,18000
EAGL,09-Aug-2012,9.8,9.8,9.8,9.8,0
EAGLU,09-Aug-2012,10,10,10,10,0
EBAY,09-Aug-2012,18.9726,19.0358,18.5811,18.64,8630000
EBIX,09-Aug-2012,22.99,23.51,22.7,23.46,186500
EBMT,09-Aug-2012,10.14,10.14,10.14,10.14,200
EBSB,09-Aug-2012,6.2418,6.2418,6.2296,6.2296,1400
EBTC,09-Aug-2012,16.63,16.64,16.11,16.35,10500
ECHO,09-Aug-2012,18.58,18.7,18.26,18.32,46400
ECOL,09-Aug-2012,19.6,19.83,19.6,19.75,49500
ECPG,09-Aug-2012,28.55,28.6,28.43,28.5,113700
ECYT,09-Aug-2012,8.76,9.03,8.75,8.94,171900
EDAP,09-Aug-2012,1.69,1.7,1.63,1.66,5600
EDGW,09-Aug-2012,3.75,4,3.61,3.8,31600
EDUC,09-Aug-2012,4,4,3.97,4,2700
EEFT,09-Aug-2012,17.65,18.07,17.45,17.87,163900
EEI,09-Aug-2012,12.24,12.4,12.24,12.4,1200
EEMA,09-Aug-2012,52.78,52.78,51.69,51.73,2800
EFII,09-Aug-2012,15.1,15.55,15.07,15.55,156600
EFSC,09-Aug-2012,12.02,12.02,11.63,11.68,68200
EFUT,09-Aug-2012,4.02,4.07,4,4,2700
EGAN,09-Aug-2012,5.29,5.45,5.12,5.39,3700
EGBN,09-Aug-2012,17.51,17.51,17.24,17.27,23200
EGHT,09-Aug-2012,5.85,5.94,5.78,5.83,1341900
EGLE,09-Aug-2012,943.2,1080,939.6,1051.2,138100
EGOV,09-Aug-2012,14.16,14.44,14.07,14.22,280400
EHTH,09-Aug-2012,17.72,17.86,17.52,17.63,37100
ELGX,09-Aug-2012,13,13.55,12.99,13.3,833000
ELNK,09-Aug-2012,6.78,6.81,6.72,6.73,681800
ELON,09-Aug-2012,30.8,31.4,29.9,31.2,135600
ELOS,09-Aug-2012,9.97,10.11,9.91,10,80400
ELSE,09-Aug-2012,4.02,4.06,3.93,3.93,1900
ELTK,09-Aug-2012,1.23,1.25,1.23,1.25,17100
EMCB,09-Aug-2012,78.81,78.81,77.69,77.84,3600
EMCF,09-Aug-2012,21.33,21.33,21.33,21.33,300
EMCI,09-Aug-2012,12.8067,13.1,12.7,12.7667,18000
EMIF,09-Aug-2012,33.24,34.24,33.16,33.28,13500
EMITF,09-Aug-2012,168,168.6,160.2,168.6,7200
EMKR,09-Aug-2012,5.32,5.34,5.06,5.09,118400
EML,09-Aug-2012,19.17,19.27,18.5,19.07,12700
EMMS,09-Aug-2012,8.8,8.8,7.52,8,533200
ENDP,09-Aug-2012,30.62,32.14,30.62,31.83,1932000
ENG,09-Aug-2012,1.24,1.24,1.16,1.18,55800
ENOC,09-Aug-2012,8.35,8.8,8.22,8.56,639700
ENPH,09-Aug-2012,5.43,5.75,5.19,5.56,211100
ENSG,09-Aug-2012,14.7,14.7,14.425,14.52,91200
ENTG,09-Aug-2012,8.36,8.56,8.21,8.51,570800
EPAY,09-Aug-2012,20.14,20.39,19.67,19.95,231500
EQIX,09-Aug-2012,179.89,183.19,179.54,182.13,476900
ERIC,09-Aug-2012,9.57,9.7,9.54,9.69,2852000
ERIE,09-Aug-2012,64.15,65.87,63.64,64.97,30500
ERII,09-Aug-2012,2.47,2.5,2.43,2.44,61900
ESBK,09-Aug-2012,19.15,19.15,19.1,19.1,600
ESCA,09-Aug-2012,5.65,5.65,5.65,5.65,300
ESEA,09-Aug-2012,1.24,1.26,1.2,1.26,106200
ESGR,09-Aug-2012,93.98,94.7,92.5,94.7,7500
ESIO,09-Aug-2012,12.04,12.05,11.77,11.88,90000
ESLT,09-Aug-2012,33,33,32.8,32.95,2800
ESMC,09-Aug-2012,0.86,0.86,0.86,0.86,400
ESRX,09-Aug-2012,60.63,62.8,60.41,62.51,10403200
ESSA,09-Aug-2012,10.62,10.75,10.59,10.71,11000
ETFC,09-Aug-2012,8.35,8.62,8.3,8.57,18578200
ETRM,09-Aug-2012,51.6,51.6,48.9,49.05,61600
EUFN,09-Aug-2012,15.76,15.78,15.65,15.71,19000
EVBS,09-Aug-2012,4.18,4.2,4.18,4.2,2600
EVEP,09-Aug-2012,53.38,55.25,53.38,55.03,190400
EVK,09-Aug-2012,1.48,1.48,1.48,1.48,600
EVOL,09-Aug-2012,6.7,6.7,6.32,6.42,33100
EWBC,09-Aug-2012,21.85,21.89,21.63,21.75,484700
EXA,09-Aug-2012,10.13,10.13,9.99,10,10900
EXAC,09-Aug-2012,16.66,16.74,16.35,16.53,40900
EXAS,09-Aug-2012,10.06,10.23,9.95,10.07,883600
EXEL,09-Aug-2012,4.34,4.57,4.3,4.34,55137800
EXFO,09-Aug-2012,4.76,4.95,4.76,4.95,5200
EXLS,09-Aug-2012,26.25,26.47,26.13,26.28,266100
EXPD,09-Aug-2012,36.24,36.5,35.82,36.4,2695900
EXPE,09-Aug-2012,56.29,56.78,55.76,55.96,2093100
EXPO,09-Aug-2012,25.925,26.075,25.495,25.835,25900
EXTR,09-Aug-2012,3.37,3.42,3.36,3.4,195100
EZPW,09-Aug-2012,23.02,23.39,22.81,23.01,136700
FALC,09-Aug-2012,1.9,1.92,1.85,1.88,75600
FARM,09-Aug-2012,8.53,8.79,8.3,8.55,73900
FARO,09-Aug-2012,35.91,36.24,35.85,36.05,435800
FAST,09-Aug-2012,42.95,42.95,42.45,42.81,1033800
FB,09-Aug-2012,20.75,21.17,20.61,21.01,15618500
FBIZ,09-Aug-2012,22.37,22.37,22.37,22.37,100
FBMS,09-Aug-2012,9.59,10.52,9.56,10.52,1900
FBNC,09-Aug-2012,8.8,9.04,8.71,8.82,27300
FBNK,09-Aug-2012,13.25,13.27,13.16,13.23,16700
FBRC,09-Aug-2012,11.92,11.96,11.52,11.76,37800
FBSS,09-Aug-2012,13.11,13.11,13,13,500
FCAP,09-Aug-2012,19.89,19.89,19.89,19.89,0
FCBC,09-Aug-2012,14.62,14.82,14.32,14.36,19000
FCCO,09-Aug-2012,8.46,8.46,8.46,8.46,100
FCCY,09-Aug-2012,9.1,9.14,9,9.14,600
FCEL,09-Aug-2012,12.84,12.96,12.6,12.72,564200
FCNCA,09-Aug-2012,167.62,168,166.5,166.63,1900
FDEF,09-Aug-2012,16.53,16.86,16.18,16.61,43000
FDML,09-Aug-2012,9.98,10.09,9.96,10.01,94600
FDUS,09-Aug-2012,15.62,15.99,15.47,15.7,67100
FEIM,09-Aug-2012,8.94,8.94,8.94,8.94,0
FELE,09-Aug-2012,27.785,27.87,27.26,27.49,79100
FES,09-Aug-2012,4.5,4.6,4.5,4.55,30700
FFBC,09-Aug-2012,16.06,16.19,16.01,16.03,130300
FFBCW,09-Aug-2012,4.7,4.7,4.7,4.7,0
FFHL,09-Aug-2012,1.25,1.25,1.13,1.25,3100
FFIC,09-Aug-2012,14.45,14.61,14.44,14.56,24000
FFIN,09-Aug-2012,17.25,17.295,17.145,17.155,21600
FFIV,09-Aug-2012,101.66,103.9,101.52,103.21,1043900
FFKT,09-Aug-2012,8.3,8.35,8.24,8.29,18800
FFNW,09-Aug-2012,8.06,8.23,7.82,8,36300
FHCO,09-Aug-2012,5.97,5.97,5.83,5.83,49100
FIBK,09-Aug-2012,14.13,14.21,14.04,14.13,8600
FINL,09-Aug-2012,22.17,22.45,22.02,22.32,440200
FISI,09-Aug-2012,17.51,17.79,17.4,17.5,26800
FISV,09-Aug-2012,34.965,35.34,34.92,35.015,798000
FITB,09-Aug-2012,14.34,14.42,14.29,14.32,10007900
FIVE,09-Aug-2012,33.01,33.52,32.77,33.13,182800
FIZZ,09-Aug-2012,14.2,14.35,14.2,14.29,21700
FLAT,09-Aug-2012,62.04,62.25,61.92,62.18,4400
FLDM,09-Aug-2012,14.72,15.48,14.65,15.47,187300
FLEX,09-Aug-2012,6.67,6.72,6.62,6.64,3239700
FLIC,09-Aug-2012,19.3933,19.7,19.3133,19.52,12300
FLIR,09-Aug-2012,21.05,21.15,20.89,21.05,759500
FLML,09-Aug-2012,4.95,5.03,4.83,4.86,3000
FLWS,09-Aug-2012,3.66,3.66,3.51,3.6,83000
FLXS,09-Aug-2012,22.83,23.28,22.52,23.12,13100
FMBI,09-Aug-2012,11.61,11.7,11.54,11.59,255400
FMNB,09-Aug-2012,5.71,6.05,5.61,5.66,28700
FNGN,09-Aug-2012,21.53,21.99,21.29,21.75,180300
FNLC,09-Aug-2012,16.56,16.79,16.32,16.52,29400
FNSR,09-Aug-2012,13.57,14.42,13.53,14.37,1958300
FOLD,09-Aug-2012,4.71,4.83,4.5,4.77,221500
FONE,09-Aug-2012,23.05,23.05,23.05,23.05,200
FONR,09-Aug-2012,3.43,3.43,3.07,3.16,133400
FORD,09-Aug-2012,1.26,1.34,1.21,1.27,36900
FORM,09-Aug-2012,5.3,5.45,5.3,5.45,401400
FORR,09-Aug-2012,29,29.2,28.96,29.04,38100
FORTY,09-Aug-2012,14.81,14.81,14.81,14.81,0
FOSL,09-Aug-2012,87.46,88.02,85.3,86.55,1236800
FRAN,09-Aug-2012,31.5,32.43,31.47,31.97,238600
FRBK,09-Aug-2012,2.04,2.07,2,2.07,4300
FRED,09-Aug-2012,15.58,15.64,15.28,15.35,126100
FRGI,09-Aug-2012,15.31,16.16,15.3,15.92,98100
FRME,09-Aug-2012,14.34,14.44,14.18,14.29,151600
FRP,09-Aug-2012,6.75,6.95,6.69,6.79,41300
FSBK,09-Aug-2012,4.2,4.3,4.2,4.29,3700
FSBW,09-Aug-2012,10.21,10.3,10.2,10.21,38800
FSC,09-Aug-2012,10.47,10.47,10.31,10.43,1032500
FSFG,09-Aug-2012,18.21,18.21,18.21,18.21,0
FSLR,09-Aug-2012,21.35,22.12,20.82,21.7,7496900
FSTR,09-Aug-2012,32.05,33.26,31.37,33.02,44300
FTEK,09-Aug-2012,4.9,4.92,4.9,4.91,53500
FTNT,09-Aug-2012,24.93,25.03,24.63,24.72,574400
FTR,09-Aug-2012,4.54,4.76,4.53,4.71,14358000
FULL,09-Aug-2012,7.93,8,7.83,7.95,33200
FULT,09-Aug-2012,9.67,9.74,9.58,9.61,352800
FUNC,09-Aug-2012,5.71,6.51,5.7,6.5,1400
FUND,09-Aug-2012,6.52,6.57,6.49,6.55,32700
FWRD,09-Aug-2012,33.9,34,33.56,33.58,72800
GABC,09-Aug-2012,21.12,21.3,20.99,21.19,14500
GAIA,09-Aug-2012,3.55,3.55,3.45,3.46,9000
GAIN,09-Aug-2012,7.35,7.48,7.35,7.41,38400
GALE,09-Aug-2012,30,30.6,29,29.8,801500
GALT,09-Aug-2012,2.25,2.5,2.25,2.3,93900
GALTU,09-Aug-2012,5.1,5.1,5,5,7500
GALTW,09-Aug-2012,0.46,0.46,0.46,0.46,2000
GASS,09-Aug-2012,5.79,6.02,5.79,5.99,8500
GBCI,09-Aug-2012,15.17,15.29,15.17,15.2,160300
GBDC,09-Aug-2012,15.1,15.5,15.1,15.38,106700
GBLI,09-Aug-2012,19.72,20.01,19.32,19.61,30700
GBNK,09-Aug-2012,9.85,9.95,9.65,9.75,37300
GCBC,09-Aug-2012,9.74,9.75,9.74,9.75,900
GCVRZ,09-Aug-2012,1.39,1.45,1.39,1.42,835000
GENC,09-Aug-2012,4.9933,5.1133,4.9733,5.08,4700
GENE,09-Aug-2012,17.75,18.75,17.3,17.4,113200
GERN,09-Aug-2012,1.7,1.72,1.69,1.72,270000
GEVO,09-Aug-2012,53.25,55.8,53.25,55.05,229200
GFED,09-Aug-2012,6.85,7,6.85,6.85,900
GFN,09-Aug-2012,3.37,3.55,3.35,3.5,4300
GGAL,09-Aug-2012,5,5.09,4.7,5.06,110400
GHDX,09-Aug-2012,32.17,36.43,32.06,36.22,747900
GIFI,09-Aug-2012,27.2,27.67,26.95,27.42,17400
GIGA,09-Aug-2012,1.37,1.37,1.29,1.36,3200
GIGM,09-Aug-2012,5.45,6.1,5.05,5.05,819800
GIII,09-Aug-2012,13.71,14.485,13.71,14.455,151600
GILD,09-Aug-2012,28.29,28.64,28.255,28.45,3966000
GILT,09-Aug-2012,2.66,2.71,2.63,2.63,13200
GLAD,09-Aug-2012,8.44,8.55,8.4,8.44,50400
GLBS,09-Aug-2012,11.72,12,11.4,11.96,4000
GLBZ,09-Aug-2012,11.49,11.49,11.49,11.49,0
GLDD,09-Aug-2012,7.55,7.63,7.49,7.63,288000
GLNG,09-Aug-2012,40.19,41.78,40.12,40.72,535700
GLRE,09-Aug-2012,23.54,23.96,23.5,23.76,93300
GLUU,09-Aug-2012,4.59,4.79,4.59,4.69,1766000
GMAN,09-Aug-2012,17.99,18.28,17.91,18.24,28400
GMLP,09-Aug-2012,30.53,30.9,30.4,30.8,43700
GNCMA,09-Aug-2012,9.68,9.99,9.68,9.76,133200
GNMA,09-Aug-2012,51.15,51.75,51.15,51.75,3500
GNMK,09-Aug-2012,7,7.25,6.52,6.9,196600
GNTX,09-Aug-2012,8.64,8.835,8.635,8.805,1356000
GNVC,09-Aug-2012,2.16,2.16,2,2.12,9300
GOLD,09-Aug-2012,97.72,98.77,96.55,98.28,535700
GOOD,09-Aug-2012,17,17.46,17,17.4,25100
GOODO,09-Aug-2012,25.42,25.42,25.42,25.42,0
GOODP,09-Aug-2012,25.7,25.7,25.7,25.7,0
GOOG,09-Aug-2012,322.255,323.185,320.76,321.175,1070200
GPIC,09-Aug-2012,5.95,6.19,5.95,6.01,2800
GPOR,09-Aug-2012,26.5,28.19,26.17,26.62,2114700
GPRE,09-Aug-2012,4.49,4.52,4.36,4.41,118700
GRFS,09-Aug-2012,10.39,10.445,10.125,10.185,267100
GRID,09-Aug-2012,27.75,27.76,27.75,27.76,400
GRIF,09-Aug-2012,28.68,29.13,28.68,29.1,1500
GRMN,09-Aug-2012,40.92,41.47,40.71,41.44,978500
GROW,09-Aug-2012,4.44,4.52,4.4,4.47,9900
GRPN,09-Aug-2012,6.92,6.99,6.59,6.65,5984400
GRVY,09-Aug-2012,12.96,13.2,12.8,12.96,69700
GSBC,09-Aug-2012,29.6,29.93,29.44,29.73,14900
GSIT,09-Aug-2012,4.6,4.73,4.59,4.67,11400
GSM,09-Aug-2012,13.25,13.62,13.25,13.41,257500
GSOL,09-Aug-2012,6.42,6.42,6.31,6.32,4200
GSVC,09-Aug-2012,9.5,9.74,9.25,9.34,169400
GT,09-Aug-2012,11.61,11.78,11.46,11.69,4986600
GTIM,09-Aug-2012,1.95,1.95,1.95,1.95,100
GTLS,09-Aug-2012,67.78,70.1,67.55,69.24,626500
GTWN,09-Aug-2012,11.15,11.15,11.15,11.15,200
GTXI,09-Aug-2012,3.38,3.47,3.35,3.45,44300
GUID,09-Aug-2012,10.37,10.57,10.25,10.53,67100
GULF,09-Aug-2012,14,14,13.91,13.91,500
GURE,09-Aug-2012,1.03,1.06,1.03,1.04,21700
GYRO,09-Aug-2012,112.51,112.65,112,112.65,1300
HA,09-Aug-2012,6.31,6.31,6.1,6.12,496800
HAFC,09-Aug-2012,12.09,12.48,12.08,12.47,255400
HAIN,09-Aug-2012,27.51,27.725,27.185,27.685,395900
HALL,09-Aug-2012,7.96,7.98,7.86,7.88,65800
HALO,09-Aug-2012,5.99,6.23,5.81,5.89,1487200
HAS,09-Aug-2012,37.06,38.31,36.93,37.37,1650300
HAYN,09-Aug-2012,46.47,47.3,45.84,46.8,66400
HBAN,09-Aug-2012,6.35,6.43,6.34,6.4,5310400
HBANP,09-Aug-2012,1200,1214.99,1200,1210,100
HBCP,09-Aug-2012,17.06,17.13,16.8,17.11,2000
HBHC,09-Aug-2012,30.74,30.98,30.4,30.47,308100
HBIO,09-Aug-2012,3.89,3.9,3.79,3.84,21300
HBMD,09-Aug-2012,8,8,8,8,300
HBNC,09-Aug-2012,12.1778,12.2178,12.0889,12.1378,5000
HCCI,09-Aug-2012,18.07,18.38,18.07,18.28,25800
HCKT,09-Aug-2012,3.56,3.71,3.49,3.7,124100
HCOM,09-Aug-2012,18.45,18.79,18.35,18.62,14700
HCSG,09-Aug-2012,22.09,22.11,21.81,21.92,254000
HDNG,09-Aug-2012,9.5,9.5,9.07,9.24,45500
HDSN,09-Aug-2012,3.58,3.58,3.46,3.54,22100
HEES,09-Aug-2012,18.63,18.7,18.2,18.28,125100
HELE,09-Aug-2012,30.57,30.74,29.7,30.16,118500
HEOP,09-Aug-2012,5.48,5.5,5.33,5.48,6300
HFBC,09-Aug-2012,7.51,7.62,7.41,7.5,16400
HFBL,09-Aug-2012,17.46,17.46,17.46,17.46,100
HFWA,09-Aug-2012,13.95,14.62,13.95,14.46,19100
HGSH,09-Aug-2012,0.36,0.48,0.36,0.48,500
HIBB,09-Aug-2012,62.9,62.9,60.91,61.39,392700
HIFS,09-Aug-2012,59.98,59.98,59.69,59.82,1000
HIHO,09-Aug-2012,1.41,1.5,1.41,1.5,2000
HIMX,09-Aug-2012,1.72,1.79,1.71,1.71,312700
HLIT,09-Aug-2012,4.41,4.47,4.38,4.45,373600
HMNF,09-Aug-2012,2.8,2.85,2.8,2.8,300
HMNY,09-Aug-2012,2.53,2.95,2.53,2.85,1000
HMST,09-Aug-2012,18.05,18.46,18.05,18.22,8500
HMSY,09-Aug-2012,35.63,36.35,35.28,35.63,605100
HNH,09-Aug-2012,13.71,14.17,13.71,14.06,19300
HNRG,09-Aug-2012,7.5,8.24,7.5,7.77,22300
HOFT,09-Aug-2012,11.83,11.97,11.66,11.67,10500
HOLI,09-Aug-2012,8.4,8.48,8.18,8.19,70200
HOLX,09-Aug-2012,19.69,19.81,19.46,19.8,1427700
HOMB,09-Aug-2012,7.6275,7.7025,7.595,7.62,34100
HOTR,09-Aug-2012,3.7,3.7,3.55,3.55,5000
HOTRW,09-Aug-2012,0.6,0.6,0.6,0.6,1200
HOVNP,09-Aug-2012,7.01,7.01,7.01,7.01,100
HPJ,09-Aug-2012,1.1,1.15,1.04,1.08,7200
HRZN,09-Aug-2012,16.56,16.59,16.41,16.51,69800
HSIC,09-Aug-2012,76.94,77.36,76.44,76.62,386700
HSII,09-Aug-2012,13.1,13.14,12.76,12.96,112300
HSKA,09-Aug-2012,10.1,10.1,10.09,10.09,600
HSNI,09-Aug-2012,43.52,43.68,43.22,43.41,230600
HSON,09-Aug-2012,4.24,4.32,4.08,4.1,33600
HSTM,09-Aug-2012,28.05,28.09,27.5,28.05,76100
HTBI,09-Aug-2012,12.44,12.44,12.38,12.41,28700
HTBK,09-Aug-2012,6.14,6.26,6.09,6.21,6700
HTHT,09-Aug-2012,13.07,13.44,13.02,13.09,28400
HTLD,09-Aug-2012,13.59,13.61,13.39,13.47,397500
HTLF,09-Aug-2012,24.18,25.22,24.06,25.16,32000
HUBG,09-Aug-2012,31.39,31.69,30.73,30.78,229600
HURC,09-Aug-2012,20.72,21.4,20.4,20.85,61000
HURN,09-Aug-2012,33.7,34.17,33.26,33.62,65400
HWAY,09-Aug-2012,10.93,10.94,10.7,10.84,137100
HWBK,09-Aug-2012,8.91,9,8.91,9,10200
HWCC,09-Aug-2012,10.63,11.6,10.58,11.56,116000
HWKN,09-Aug-2012,38.18,38.64,37.61,37.82,7100
HYGS,09-Aug-2012,6.46,6.5,6.46,6.47,1900
HZNP,09-Aug-2012,5.27,5.27,4.61,4.75,1753800
IART,09-Aug-2012,39.21,39.94,38.93,39.89,165200
IBB,09-Aug-2012,132.68,133.46,132.29,132.81,442100
IBCP,09-Aug-2012,2.62,2.66,2.6,2.64,7600
IBKC,09-Aug-2012,46.87,47.09,45.99,47.05,245900
IBKR,09-Aug-2012,13.92,13.92,13.73,13.76,200000
IBOC,09-Aug-2012,17.84,17.94,17.74,17.83,121400
ICAD,09-Aug-2012,0.45,0.48,0.45,0.48,49700
ICCC,09-Aug-2012,5.32,5.4,5.32,5.4,2400
ICFI,09-Aug-2012,21.92,22.66,21.87,22.54,77500
ICLN,09-Aug-2012,6.78,6.86,6.78,6.82,7200
ICLR,09-Aug-2012,24.23,24.39,23.82,23.93,230200
ICON,09-Aug-2012,18.42,18.6,18.2,18.29,272700
ICUI,09-Aug-2012,54.36,54.9,54.21,54.54,55600
IDCC,09-Aug-2012,32.15,33.03,32.15,32.97,645900
IDRA,09-Aug-2012,1.01,1.01,1,1,400
IDSA,09-Aug-2012,4.01,4.01,3.42,3.78,19900
IDSY,09-Aug-2012,4.27,4.45,4.27,4.27,29200
IDTI,09-Aug-2012,5.5,5.68,5.47,5.63,1264500
IDXX,09-Aug-2012,44.86,45.04,44.4,44.805,274800
IEP,09-Aug-2012,40.12,40.62,40.06,40.49,4900
IESC,09-Aug-2012,2.87,2.87,2.87,2.87,0
IFEU,09-Aug-2012,28.04,28.04,28.04,28.04,100
IFGL,09-Aug-2012,30.34,30.4,30.21,30.29,72900
IFON,09-Aug-2012,1.5,1.56,1.5,1.55,18100
IGLD,09-Aug-2012,2.4,2.47,2.4,2.47,2800
IGOV,09-Aug-2012,99.74,99.74,98.69,99.3,12600
III,09-Aug-2012,1.22,1.25,1.22,1.24,3100
IIIN,09-Aug-2012,10.27,10.32,10.03,10.09,13800
IIJI,09-Aug-2012,10.64,10.75,10.64,10.75,1300
IIN,09-Aug-2012,4.62,4.98,4.61,4.9,5400
IIVI,09-Aug-2012,18.37,18.41,18.18,18.28,510000
IKNX,09-Aug-2012,8,8,8,8,300
ILMN,09-Aug-2012,43.49,43.79,42.73,42.96,784600
IMGN,09-Aug-2012,12.68,12.84,12.51,12.56,578100
IMI,09-Aug-2012,6.87,7.04,6.87,7.01,44100
IMKTA,09-Aug-2012,16.42,16.49,16.28,16.37,12700
IMMR,09-Aug-2012,5.44,5.56,5.44,5.53,149900
IMMU,09-Aug-2012,3.44,3.51,3.44,3.51,81200
IMMY,09-Aug-2012,3.2,3.2,3.2,3.2,0
IMOS,09-Aug-2012,11.83,12.55,11.83,12.37,136600
INAP,09-Aug-2012,6.91,7.15,6.9,7.09,226300
INCY,09-Aug-2012,17.61,18,17.61,17.77,1829100
INDB,09-Aug-2012,29.48,29.86,29.48,29.66,23300
INDY,09-Aug-2012,22.11,22.16,22.04,22.1,32000
INFI,09-Aug-2012,15.16,16.06,14.84,15.88,1592000
INFN,09-Aug-2012,5.77,6.11,5.77,6.11,603400
ININ,09-Aug-2012,27.32,27.51,27.19,27.45,37300
INOD,09-Aug-2012,3.82,3.94,3.8,3.84,51300
INSM,09-Aug-2012,3.15,3.18,3.06,3.11,42800
INTC,09-Aug-2012,26.64,26.89,26.57,26.7,26468300
INTG,09-Aug-2012,23.65,24,23.35,24,500
INTL,09-Aug-2012,18.2,18.62,17.8,18.01,72100
INTU,09-Aug-2012,59.67,59.75,58.96,59.1,2258300
INTX,09-Aug-2012,13.45,13.74,13.41,13.71,38200
INVE,09-Aug-2012,8.1,8.2,8,8,74400
INWK,09-Aug-2012,12.16,12.28,11.6,11.78,285500
IOSP,09-Aug-2012,30.06,30.46,29.23,30.28,180800
IPAR,09-Aug-2012,17.96,18.42,17.55,17.72,219200
IPAS,09-Aug-2012,2.16,2.21,2.12,2.2,90900
IPCC,09-Aug-2012,57.08,57.4,55.29,56.5,39000
IPCI,09-Aug-2012,2.75,2.75,2.52,2.59,27400
IPGP,09-Aug-2012,60.58,61.3,60.06,60.44,671600
IPHS,09-Aug-2012,49.53,50.28,48.74,48.94,131200
IPXL,09-Aug-2012,23.62,23.74,23.22,23.57,462400
IQNT,09-Aug-2012,12.45,12.62,12.1,12.25,318700
IRBT,09-Aug-2012,23.34,24.39,23.34,24.24,349100
IRDM,09-Aug-2012,7.26,7.38,7.23,7.34,507500
IRG,09-Aug-2012,15.03,15.16,14.75,14.89,30500
IRIX,09-Aug-2012,3.59,3.59,3.57,3.57,300
IROQ,09-Aug-2012,12.75,12.77,12.75,12.77,2200
IRWD,09-Aug-2012,11.65,11.86,11.59,11.83,246800
ISBC,09-Aug-2012,6.3843,6.4118,6.3333,6.3569,53300
ISCA,09-Aug-2012,25.16,25.33,25.08,25.12,140500
ISHG,09-Aug-2012,94.25,94.45,94.2,94.3,11600
ISIG,09-Aug-2012,1.55,1.62,1.54,1.62,7400
ISIL,09-Aug-2012,9.16,9.25,9.09,9.13,2263800
ISLE,09-Aug-2012,6.33,6.54,6.31,6.46,30600
ISM,09-Aug-2012,22.88,23.15,22.88,23.06,8800
ISNS,09-Aug-2012,5,5.05,5,5.05,400
ISRG,09-Aug-2012,503.11,503.11,494.43,497.56,228800
ISRL,09-Aug-2012,110,112,110,112,600
ISSC,09-Aug-2012,3.38,3.5,3.31,3.37,24000
ITIC,09-Aug-2012,53.73,54.39,53,54.01,6500
ITRI,09-Aug-2012,42.51,42.91,42.32,42.63,483700
ITRN,09-Aug-2012,11.05,11.19,11.05,11.09,6400
IVAC,09-Aug-2012,6.03,6.18,6.03,6.12,36600
IXYS,09-Aug-2012,9.1,9.14,9.03,9.09,47600
JACK,09-Aug-2012,26.95,27.18,25.42,26.02,1312300
JAKK,09-Aug-2012,15.73,16.04,15.55,16,74200
JASO,09-Aug-2012,5.1,5.45,5,5.3,2904200
JAZZ,09-Aug-2012,46.37,47.66,45.51,46.83,964800
JBHT,09-Aug-2012,55.08,55.18,54.59,54.77,473700
JBLU,09-Aug-2012,5.1,5.13,5.01,5.02,2538600
JBSS,09-Aug-2012,19.05,19.05,18.65,18.78,48900
JCOM,09-Aug-2012,28.8,28.98,28.51,28.73,144300
JCS,09-Aug-2012,10.91,11.2,10.91,11.11,5100
JCTCF,09-Aug-2012,4.9,4.9,4.835,4.895,4300
JIVE,09-Aug-2012,15.31,15.5,15.05,15.25,1186500
JJSF,09-Aug-2012,57.67,58,57.02,57.8,54100
JKHY,09-Aug-2012,35.58,35.69,35.41,35.57,195500
JMBA,09-Aug-2012,12.7,12.7,11.75,12.05,962300
JOBS,09-Aug-2012,17.825,18.445,17.505,18.22,202100
JOUT,09-Aug-2012,20.05,21.5,20.05,21.28,21200
JRJC,09-Aug-2012,1.23,1.24,1.23,1.24,3600
JSM,09-Aug-2012,24.15,24.23,23.46,24.14,93500
JVA,09-Aug-2012,6.66,6.89,6.26,6.41,392100
JXSB,09-Aug-2012,16,16,16,16,600
KALU,09-Aug-2012,56.5,56.94,55.92,56.17,97800
KCAP,09-Aug-2012,7.9,8.03,7.8,7.93,83800
KELYA,09-Aug-2012,14.2,14.3,13.6,13.65,243900
KELYB,09-Aug-2012,14.47,14.47,14.47,14.47,0
KEQU,09-Aug-2012,12.67,12.7,12.29,12.53,8600
KERX,09-Aug-2012,1.86,1.92,1.84,1.87,603600
KEYW,09-Aug-2012,10.96,11.27,10.91,11.11,24700
KFFB,09-Aug-2012,7.74,7.74,7.74,7.74,0
KFRC,09-Aug-2012,12.24,12.47,12.11,12.31,339700
KGJI,09-Aug-2012,1.63,1.68,1.58,1.63,13100
KINS,09-Aug-2012,5.54,6.23,5.54,6.2,8900
KIRK,09-Aug-2012,10.6,10.6,10.38,10.49,43500
KLAC,09-Aug-2012,52.65,53.36,52.58,53.06,1529800
KLIC,09-Aug-2012,11.32,11.66,11.2,11.58,1397400
KNDI,09-Aug-2012,5,5.1,4.81,4.95,335300
KONA,09-Aug-2012,7.56,7.56,7.36,7.46,45600
KONE,09-Aug-2012,2.2,3,1.8,3,22400
KOOL,09-Aug-2012,20,20.6,19.6,20.4,30600
KOPN,09-Aug-2012,3.43,3.49,3.41,3.48,111800
KOSS,09-Aug-2012,4.78,4.9,4.78,4.9,5400
KRNY,09-Aug-2012,9.84,9.84,9.7,9.76,7200
KTCC,09-Aug-2012,7.6,7.79,7.57,7.63,24800
KTEC,09-Aug-2012,9.81,10.88,9.81,9.94,16600
KTOS,09-Aug-2012,5,5.33,4.99,5.27,441800
KVHI,09-Aug-2012,12.86,13.05,12.69,12.83,42000
KZ,09-Aug-2012,7.53,7.73,7.53,7.72,34900
LABL,09-Aug-2012,20.67,20.93,20.5,20.59,96100
LAKE,09-Aug-2012,7.07,7.12,6.63,6.85,11500
LAMR,09-Aug-2012,34.25,34.4,33.47,33.65,3546300
LANC,09-Aug-2012,70.12,70.24,69.61,69.77,19200
LARK,09-Aug-2012,19.21,19.98,19.21,19.98,2100
LAWS,09-Aug-2012,9.98,10.07,9,9.64,31400
LAYN,09-Aug-2012,21.04,21.29,21.04,21.19,59500
LBAI,09-Aug-2012,10.01,10.01,9.71,9.76,13500
LBIX,09-Aug-2012,4.13,4.13,4.12,4.13,1000
LBTYA,09-Aug-2012,27.8845,28.1962,27.7414,28.1247,895100
LBTYB,09-Aug-2012,53.44,53.44,53.44,53.44,0
LBTYK,09-Aug-2012,51.46,51.95,51.17,51.74,324900
LCNB,09-Aug-2012,13.05,13.05,13.04,13.04,1300
LCUT,09-Aug-2012,12.79,13.01,12.4,12.54,53500
LECO,09-Aug-2012,40.73,41.66,40.65,40.98,609300
LEDS,09-Aug-2012,2.3,2.3,2.19,2.25,14600
LFUS,09-Aug-2012,55.35,55.79,54.37,54.92,76100
LGCY,09-Aug-2012,26.32,26.8,26.2,26.62,108500
LGND,09-Aug-2012,18.02,18.03,16.02,16.97,558700
LHCG,09-Aug-2012,17,17.33,16.84,17.28,80000
LIFE,09-Aug-2012,46.48,47.36,46.48,47.03,2195200
LINC,09-Aug-2012,3.82,3.96,3.82,3.92,77000
LION,09-Aug-2012,9.31,9.31,8.91,9.07,8400
LIOX,09-Aug-2012,3.36,3.43,3.25,3.25,323200
LIVE,09-Aug-2012,2.56,2.6433,2.4567,2.4833,23900
LKFN,09-Aug-2012,17.7867,17.82,17.6133,17.7933,35500
LKQ,09-Aug-2012,18.62,19.155,18.585,18.865,1138200
LLNW,09-Aug-2012,2.41,2.6,2.4,2.59,619500
LLTC,09-Aug-2012,32.82,33.23,32.82,33.02,1684100
LMAT,09-Aug-2012,6.42,6.42,6.32,6.32,700
LMCA,09-Aug-2012,33.3333,33.7533,32.7967,33.4867,1254000
LMIA,09-Aug-2012,19.62,19.62,19.4,19.49,28100
LMNR,09-Aug-2012,17.48,17.78,17.39,17.75,6400
LMNX,09-Aug-2012,18.09,18.29,17.91,17.98,192900
LMOS,09-Aug-2012,9.64,9.86,9.24,9.76,46400
LNCE,09-Aug-2012,23.13,23.32,23,23.2,197900
LNDC,09-Aug-2012,8.69,8.88,8.68,8.73,39800
LOAN,09-Aug-2012,0.97,0.99,0.97,0.97,1700
LOGI,09-Aug-2012,8.49,8.79,8.49,8.76,1070800
LOGM,09-Aug-2012,19.72,20.09,19.67,19.93,430900
LOPE,09-Aug-2012,20.27,20.35,19.9,19.98,473000
LORL,09-Aug-2012,73,73.14,72.57,73.14,17300
LPLA,09-Aug-2012,28.37,28.89,28.36,28.69,378500
LPNT,09-Aug-2012,38.8,39.21,38.49,38.59,186800
LPSN,09-Aug-2012,16.97,17.29,16.91,17.2,338400
LPTH,09-Aug-2012,0.97,0.97,0.94,0.94,7600
LQDT,09-Aug-2012,44.14,45.04,44.11,45.01,503900
LRAD,09-Aug-2012,1.25,1.29,1.21,1.28,76000
LRCX,09-Aug-2012,35.52,35.99,35.52,35.56,2670700
LSBK,09-Aug-2012,10.13,10.13,10.13,10.13,100
LSCC,09-Aug-2012,3.86,3.97,3.8,3.93,812800
LSTR,09-Aug-2012,49.71,50.16,48.76,48.86,476100
LTBR,09-Aug-2012,10.95,11.55,10.95,11,8300
LTRX,09-Aug-2012,1.88,1.9,1.88,1.9,2200
LULU,09-Aug-2012,57.95,58.2,57.17,57.94,1647000
LUNA,09-Aug-2012,1.5,1.59,1.45,1.58,7500
LWAY,09-Aug-2012,10.17,10.44,10.17,10.18,1600
LXRX,09-Aug-2012,15.54,15.82,14.56,15.05,1050600
LYTS,09-Aug-2012,6.78,6.91,6.5,6.86,67600
MACK,09-Aug-2012,7.4,7.5,7.35,7.37,58200
MAGS,09-Aug-2012,4.38,4.38,3.81,3.89,25300
MANH,09-Aug-2012,12.105,12.2225,12.045,12.1,77100
MANT,09-Aug-2012,21.85,22.3,21.77,22.23,141400
MARK,09-Aug-2012,2.2,2.27,1.7,1.98,51000
MARPS,09-Aug-2012,24.16,25.6,24.16,25.47,2200
MASI,09-Aug-2012,22,22.2,21.97,22.16,141600
MAT,09-Aug-2012,35.4,35.69,35.28,35.44,1177500
MATR,09-Aug-2012,6.54,6.66,6.1,6.37,57000
MATW,09-Aug-2012,29.61,30.28,29.5,30.06,88300
MAYS,09-Aug-2012,20.05,20.05,19.94,19.94,2400
MBFI,09-Aug-2012,20.28,20.37,20.06,20.13,69900
MBLX,09-Aug-2012,11.46,12.18,11.04,11.76,48600
MBRG,09-Aug-2012,16.3,16.51,16.04,16.4,41600
MBTF,09-Aug-2012,2.99,2.99,2.8,2.8,14600
MBVT,09-Aug-2012,27.24,27.24,26.91,27.13,1300
MBWM,09-Aug-2012,16.82,17.13,16.7,16.9,52700
MCBC,09-Aug-2012,3.14,3.17,3.14,3.16,13100
MCEP,09-Aug-2012,21.74,21.92,20.44,20.89,83300
MCHP,09-Aug-2012,34.76,35.08,34.65,34.86,2158300
MCHX,09-Aug-2012,3.35,3.4,3.25,3.29,44700
MCRI,09-Aug-2012,7.42,7.42,7.05,7.25,41200
MDCA,09-Aug-2012,9.5,9.7,9.33,9.61,139200
MDCO,09-Aug-2012,25.5,25.59,25.3,25.39,520500
MDM,09-Aug-2012,4.41,4.41,4.38,4.39,400
MDRX,09-Aug-2012,11.02,11.73,10.9,11.37,16446100
MDSO,09-Aug-2012,17.975,18,17.645,17.96,75300
MEIP,09-Aug-2012,2.7,2.7,2.58,2.58,10200
MELI,09-Aug-2012,86.15,87.21,85.1,85.76,666700
MEMP,09-Aug-2012,17.26,17.71,17.25,17.44,32900
MENT,09-Aug-2012,15.61,15.83,15.61,15.79,464500
MEOH,09-Aug-2012,28.85,29.21,28.54,28.9,166100
MERC,09-Aug-2012,5.67,5.89,5.66,5.85,52900
MFNC,09-Aug-2012,6.3,6.3,6.29,6.3,2300
MFRI,09-Aug-2012,6.8,6.8,6.8,6.8,12400
MFSF,09-Aug-2012,10.97,10.97,10.89,10.89,200
MGEE,09-Aug-2012,33.26,33.26,32.9667,33.08,52500
MGIC,09-Aug-2012,4.43,4.43,4.17,4.21,140200
MGLN,09-Aug-2012,47.59,48.25,47.47,47.84,300300
MGPI,09-Aug-2012,3.38,3.38,3.1,3.36,10900
MGRC,09-Aug-2012,23.65,24.04,23.63,24,81900
MGYR,09-Aug-2012,4.15,4.15,4.15,4.15,100
MHGC,09-Aug-2012,4.9,4.99,4.88,4.91,25100
MHLD,09-Aug-2012,8.29,8.36,8.19,8.23,174700
MIDD,09-Aug-2012,35,39.9133,34.8167,37.9233,926900
MIND,09-Aug-2012,16.65,17.1,16.62,17.04,54300
MINI,09-Aug-2012,16.37,17.57,15.87,17.51,919700
MITK,09-Aug-2012,4.38,4.62,4.23,4.5,325500
MITL,09-Aug-2012,3.66,3.66,2.98,3.45,505900
MKSI,09-Aug-2012,27.37,27.51,26.88,26.93,222100
MKTX,09-Aug-2012,32.83,33.23,32.75,33,106000
MLAB,09-Aug-2012,46.41,46.88,46.41,46.88,7500
MLHR,09-Aug-2012,18.75,18.98,18.75,18.89,154900
MLNK,09-Aug-2012,3.2,3.21,3.08,3.1,72000
MLNX,09-Aug-2012,110.25,113.13,109.81,112.78,643400
MLVF,09-Aug-2012,9.62,9.62,8.94,8.94,3900
MMLP,09-Aug-2012,33.03,34,33,33.75,34500
MMSI,09-Aug-2012,14.01,14.16,13.83,13.9,173100
MMYT,09-Aug-2012,17.42,17.87,16.94,17.11,70800
MNDO,09-Aug-2012,1.68,1.72,1.68,1.7,24700
MNKD,09-Aug-2012,2.07,2.23,2.06,2.19,1341500
MNOV,09-Aug-2012,1.82,1.9,1.8,1.85,13900
MNRO,09-Aug-2012,34.79,36,34.76,35.54,190100
MNST,09-Aug-2012,20.9367,21.4067,20.3267,20.4,11419800
MNTA,09-Aug-2012,13.69,13.92,13.5,13.51,413700
MNTX,09-Aug-2012,7.83,8.12,7.63,7.84,91800
MOBI,09-Aug-2012,1.85,1.91,1.85,1.88,45000
MOCO,09-Aug-2012,14.94,14.98,14.7,14.9,2100
MOFG,09-Aug-2012,21.81,22.42,21.8,21.97,22200
MORN,09-Aug-2012,58.18,58.79,58.18,58.42,68600
MOSY,09-Aug-2012,3.3,3.34,3.28,3.32,68100
MPAA,09-Aug-2012,4.4,4.54,4.36,4.36,15300
MPB,09-Aug-2012,10.29,10.29,10.29,10.29,0
MPEL,09-Aug-2012,10.18,10.47,10.09,10.24,4289600
MPET,09-Aug-2012,1.01,1.01,0.96,0.98,112100
MPWR,09-Aug-2012,20.46,21.26,20.41,21.14,470500
MRCY,09-Aug-2012,8.86,8.93,8.62,8.77,187900
MRLN,09-Aug-2012,16.43,17,16.42,16.78,7000
MRTN,09-Aug-2012,11.94,12.0333,11.82,11.9333,18900
MRVL,09-Aug-2012,11.8,11.98,11.77,11.94,7260100
MSBF,09-Aug-2012,5.8,5.8,5.8,5.8,0
MSCC,09-Aug-2012,19.89,20.13,19.78,20.1,581800
MSEX,09-Aug-2012,18.67,18.78,18.57,18.72,25500
MSFG,09-Aug-2012,12.02,12.02,11.73,11.77,8000
MSFT,09-Aug-2012,30.39,30.65,30.3,30.5,24920700
MSLI,09-Aug-2012,1.63,1.66,1.63,1.66,1100
MSON,09-Aug-2012,3.05,3.12,3,3.12,8100
MSTR,09-Aug-2012,126.11,129.09,125.9,126.34,88700
MTEX,09-Aug-2012,6.22,6.25,6.03,6.09,12300
MTGE,09-Aug-2012,24.07,24.27,24.05,24.22,432400
MTRX,09-Aug-2012,10.55,10.55,10.25,10.38,73200
MTSC,09-Aug-2012,51.45,51.7,49.9,50.06,65600
MTSI,09-Aug-2012,12.64,12.88,12.27,12.45,51200
MTSL,09-Aug-2012,1.67,1.78,1.5,1.56,14500
MU,09-Aug-2012,6.82,6.92,6.7,6.81,20530300
MVIS,09-Aug-2012,2.04,2.07,1.92,2.02,113900
MXIM,09-Aug-2012,28.13,28.48,28.13,28.42,1825500
MXWL,09-Aug-2012,7.71,7.88,7.42,7.54,273800
MYGN,09-Aug-2012,24.93,25.22,24.93,25.2,571600
MYL,09-Aug-2012,23.13,23.36,23.04,23.3,2886500
MYRG,09-Aug-2012,18.16,19.11,18.16,18.68,303700
NAII,09-Aug-2012,6.6,6.68,6.53,6.68,1900
NANO,09-Aug-2012,15.35,15.5,15.18,15.4,60500
NATH,09-Aug-2012,32.07,32.1,31.44,31.9,5200
NATI,09-Aug-2012,26.27,26.53,25.99,26.13,206600
NATL,09-Aug-2012,24.01,24.07,23.82,23.96,6800
NATR,09-Aug-2012,14.38,15.1,14.35,14.44,20300
NAUH,09-Aug-2012,4.72,4.77,4.43,4.71,14600
NAVG,09-Aug-2012,49.91,49.91,48.74,48.92,16200
NBIX,09-Aug-2012,7.08,7.19,7.08,7.12,214300
NBN,09-Aug-2012,8.7,8.75,8.7,8.75,3200
NBTB,09-Aug-2012,21.21,21.39,20.95,21.03,31300
NCIT,09-Aug-2012,6.85,7.25,6.85,7.12,105100
NCMI,09-Aug-2012,14.2,14.28,14.02,14.12,129600
NCTY,09-Aug-2012,4.49,4.69,4.49,4.57,1800
NDAQ,09-Aug-2012,23.22,23.37,23.08,23.29,757800
NDSN,09-Aug-2012,53.24,53.99,53.24,53.76,218000
NEOG,09-Aug-2012,26.2667,26.4467,25.6267,25.8933,91300
NEON,09-Aug-2012,4.41,4.57,4.35,4.55,155500
NEPT,09-Aug-2012,4.7,4.7,4.36,4.63,406400
NEWS,09-Aug-2012,12.1,12.12,11.95,12.02,27100
NEWT,09-Aug-2012,8.95,9.1,8,9.05,43200
NFBK,09-Aug-2012,14.98,15.14,14.96,15.06,11200
NFEC,09-Aug-2012,0.81,0.81,0.81,0.81,100
NFLX,09-Aug-2012,8.2271,8.35,8.1786,8.2729,2356800
NICE,09-Aug-2012,31.94,32.04,31.49,31.63,148600
NICK,09-Aug-2012,13.36,13.45,13.3,13.45,10600
NIHD,09-Aug-2012,6.12,7,6.12,6.66,9147000
NILE,09-Aug-2012,32,32.69,31.79,31.9,255400
NKSH,09-Aug-2012,29.8,30.24,29.5,29.66,2000
NKTR,09-Aug-2012,8.16,8.32,8.01,8.3,658000
NLNK,09-Aug-2012,12.18,12.33,12,12.28,50400
NLST,09-Aug-2012,1.61,1.63,1.56,1.57,178400
NMRX,09-Aug-2012,10,10.05,10,10.05,1700
NNBR,09-Aug-2012,8.76,8.84,8.52,8.71,78800
NRIM,09-Aug-2012,21.23,21.5,21.13,21.5,19900
NSEC,09-Aug-2012,8.8,9.01,8.77,9.01,3100
NSIT,09-Aug-2012,18.25,18.66,18.25,18.4,166800
NSSC,09-Aug-2012,3,3,2.9,2.98,19100
NSYS,09-Aug-2012,3.25,3.25,3.25,3.25,0
NTAP,09-Aug-2012,32.38,32.92,32.01,32.13,8712700
NTCT,09-Aug-2012,23.4,23.63,23.21,23.44,127600
NTES,09-Aug-2012,55.02,55.64,53.85,54.18,557700
NTGR,09-Aug-2012,37.15,37.48,36.54,37.3,351900
NTIC,09-Aug-2012,9.9,10.22,9.9,10.22,200
NTRI,09-Aug-2012,10.35,10.45,10.27,10.43,175800
NTRS,09-Aug-2012,46.04,46.41,46.01,46.17,947900
NTWK,09-Aug-2012,4.7,4.7,4.4,4.5,102800
NUAN,09-Aug-2012,23,23,22.58,22.64,4563900
NURO,09-Aug-2012,17.28,17.52,16.32,17.04,58200
NUTR,09-Aug-2012,14.75,15.21,14.75,14.98,5400
NUVA,09-Aug-2012,19.59,20.36,19.59,20.26,323700
NVAX,09-Aug-2012,2.04,2.06,1.92,1.98,614600
NVDA,09-Aug-2012,14.25,14.74,14.23,14.71,20557400
NVDQ,09-Aug-2012,8.03,8.03,7.79,7.9,191100
NVEC,09-Aug-2012,54.66,54.66,53.38,54.11,52400
NVGN,09-Aug-2012,2.02,2.09,1.85,2.09,4000
NVMI,09-Aug-2012,7.91,7.98,7.84,7.95,32900
NWBI,09-Aug-2012,11.9,11.95,11.87,11.88,151600
NWFL,09-Aug-2012,28.4,28.4,28.4,28.4,0
NWLI,09-Aug-2012,138.6,140.75,138.6,139.7,2000
NWPX,09-Aug-2012,24.81,25.3,24.81,24.97,23600
NWS,09-Aug-2012,23.39,24.19,23.38,23.82,7296400
NWSA,09-Aug-2012,23.25,24.05,23.25,23.67,30717300
NXPI,09-Aug-2012,23.74,23.97,23.5,23.73,1176600
NXST,09-Aug-2012,8.1,8.3,8.1,8.3,13100
NXTM,09-Aug-2012,13.07,13.68,12.96,13.51,1427700
NYMT,09-Aug-2012,6.83,6.93,6.8,6.85,311200
NYMX,09-Aug-2012,6.02,6.26,6.02,6.13,42700
NYNY,09-Aug-2012,9,9.4,8.65,9.05,2400
OBAS,09-Aug-2012,5.6,5.6,3.1,5.05,39700
OBCI,09-Aug-2012,2.08,2.1,2.02,2.1,5000
OCC,09-Aug-2012,3.65,3.75,3.65,3.75,11800
OCFC,09-Aug-2012,13.5,13.61,13.5,13.57,13200
OCLR,09-Aug-2012,2.37,2.68,2.37,2.67,926600
OCLS,09-Aug-2012,31.5,31.5,29.4,30.45,111100
ODFL,09-Aug-2012,29.5067,29.7867,29.4867,29.6133,227400
OFED,09-Aug-2012,14,14,14,14,0
OFIX,09-Aug-2012,42.03,42.45,41.53,42,78300
OFLX,09-Aug-2012,10.29,10.8,10.29,10.8,800
OGXI,09-Aug-2012,14.29,14.52,14.13,14.15,14700
OIIM,09-Aug-2012,3.96,4.01,3.95,3.99,162100
OKSB,09-Aug-2012,9.56,10.6,9.56,10.55,341600
OLBK,09-Aug-2012,10.88,10.92,10.88,10.92,900
OMAB,09-Aug-2012,17.33,17.37,17.22,17.22,500
OMCL,09-Aug-2012,14.52,14.77,14.52,14.66,360600
OMER,09-Aug-2012,8.41,8.83,8.32,8.53,59800
OMEX,09-Aug-2012,47.04,48.48,45.72,47.64,671200
ONEQ,09-Aug-2012,118.71,119.02,118.59,118.88,2000
ONVI,09-Aug-2012,3.6,3.73,3.6,3.73,500
OPHC,09-Aug-2012,18,18,18,18,20900
OPOF,09-Aug-2012,10.52,10.65,10.45,10.65,3000
OPTT,09-Aug-2012,25.8,27.9,25.8,26.6,33900
OPXA,09-Aug-2012,1.92,1.96,1.88,1.88,32000
OPXAW,09-Aug-2012,0.05,0.05,0.05,0.05,0
ORBC,09-Aug-2012,3.23,3.31,3.23,3.25,56800
ORBK,09-Aug-2012,8.3,8.35,8.16,8.25,59700
OREX,09-Aug-2012,42.3,42.7,41,41.9,1585300
ORIG,09-Aug-2012,16.39,17.43,16.39,16.73,142400
ORIT,09-Aug-2012,14.25,14.65,14.23,14.38,160500
ORLY,09-Aug-2012,85.67,86.38,84.55,85,1789700
ORRF,09-Aug-2012,8.63,8.88,8.55,8.87,7700
OSBC,09-Aug-2012,1.4,1.4,1.4,1.4,15300
OSBCP,09-Aug-2012,5.26,5.26,5.26,5.26,400
OSHC,09-Aug-2012,13.2,13.25,13.07,13.2,8000
OSIR,09-Aug-2012,8.22,8.5,8.15,8.45,106500
OSIS,09-Aug-2012,66.1,71.44,65.59,71.26,585900
OSM,09-Aug-2012,24.04,24.16,23.9,24.1,5700
OSN,09-Aug-2012,2.94,3,2.94,3,2000
OSTK,09-Aug-2012,8.49,8.57,8.36,8.53,47600
OSUR,09-Aug-2012,9.79,9.94,9.72,9.75,741000
OTEX,09-Aug-2012,24.51,25.245,24.465,24.7,535900
OTIV,09-Aug-2012,1.55,1.55,1.47,1.5,24400
OTTR,09-Aug-2012,23.5,23.74,23.34,23.59,90000
OVBC,09-Aug-2012,19.39,19.39,19.36,19.38,300
OVLY,09-Aug-2012,7.08,7.08,7.08,7.08,100
OXLC,09-Aug-2012,14.75,14.9,14.75,14.89,15100
OZRK,09-Aug-2012,15.96,16.1,15.95,15.985,94600
PAAS,09-Aug-2012,15.62,15.86,15.38,15.83,761200
PACB,09-Aug-2012,1.85,1.95,1.85,1.89,573100
PACW,09-Aug-2012,24.05,24.24,23.97,23.97,114700
PAGG,09-Aug-2012,29.38,29.59,29.38,29.51,18900
PANL,09-Aug-2012,32.5,39.96,32.5,38.99,4488100
PATK,09-Aug-2012,7.92,8.3733,7.88,8.22,56000
PAYX,09-Aug-2012,32.94,32.97,32.74,32.92,1270600
PBCT,09-Aug-2012,11.96,11.99,11.87,11.96,1911000
PBHC,09-Aug-2012,10,10.25,10,10.15,900
PBIB,09-Aug-2012,1.61,1.61,1.61,1.61,600
PBIP,09-Aug-2012,5.61,5.61,5.61,5.61,100
PBMD,09-Aug-2012,3.5,3.5,3.5,3.5,0
PBSK,09-Aug-2012,12.69,12.69,12.69,12.69,200
PCAR,09-Aug-2012,40.38,41.06,40.38,40.81,1908500
PCBK,09-Aug-2012,9.16,9.24,9.16,9.18,5600
PCH,09-Aug-2012,33.67,33.79,33.29,33.43,110800
PCLN,09-Aug-2012,563.01,570.35,553.42,562.26,2430200
PCO,09-Aug-2012,1.23,1.25,1.19,1.23,178500
PCOM,09-Aug-2012,12.93,13.24,12.63,12.83,59400
PCRX,09-Aug-2012,15.31,16.79,15.31,16.2,526800
PCTI,09-Aug-2012,5.86,5.96,5.84,5.85,32200
PCYO,09-Aug-2012,2.07,2.11,2.06,2.11,52600
PDCE,09-Aug-2012,26.05,27.23,25.75,27.01,513800
PDCO,09-Aug-2012,34.76,34.93,34.46,34.49,402500
PDEX,09-Aug-2012,1.69,1.7,1.65,1.69,15400
PDFS,09-Aug-2012,10.5,10.99,10.3,10.98,172700
PDLI,09-Aug-2012,7.03,7.11,6.94,7,1711200
PEBK,09-Aug-2012,8.8,9.03,8.8,9,21500
PEBO,09-Aug-2012,21.51,21.52,21.16,21.33,15900
PEGA,09-Aug-2012,13.655,13.965,13.335,13.51,460000
PEIX,09-Aug-2012,4.95,5.1,4.65,4.65,2836600
PENN,09-Aug-2012,37.39,37.9,37.1,37.79,647100
PERF,09-Aug-2012,8.36,8.57,8.18,8.39,16000
PERI,09-Aug-2012,5.49,5.7,5.2,5.47,97200
PERY,09-Aug-2012,19.26,19.65,18.9,19.51,27300
PESI,09-Aug-2012,4.95,5.2,4.9,5,113400
PETS,09-Aug-2012,9.58,9.78,9.57,9.72,248100
PFBC,09-Aug-2012,11.4,12.14,11.35,11.86,35900
PFBI,09-Aug-2012,9,9,8.44,8.96,4500
PFBX,09-Aug-2012,10.14,10.46,10.14,10.46,700
PFIN,09-Aug-2012,5.68,6.24,5.65,6,10600
PFLT,09-Aug-2012,12.5,12.84,12.27,12.6,26700
PFPT,09-Aug-2012,14.29,14.78,14.01,14.49,60100
PFSW,09-Aug-2012,2.58,2.65,2.34,2.45,43600
PGC,09-Aug-2012,13.83,14.42,13.77,14,29500
PGNX,09-Aug-2012,4.61,4.65,4.27,4.32,361700
PGTI,09-Aug-2012,3.12,3.24,3.12,3.24,18700
PHII,09-Aug-2012,25.65,25.65,25.65,25.65,0
PHIIK,09-Aug-2012,27.23,27.75,27.01,27.52,8900
PHMD,09-Aug-2012,73.5,74.75,60.3,62.65,638800
PICO,09-Aug-2012,24.61,25.22,23.92,24.01,264300
PKBK,09-Aug-2012,5.2,5.34,5.2,5.34,2100
PKOH,09-Aug-2012,21.1,21.96,20.81,21.17,46000
PLAB,09-Aug-2012,5.79,5.89,5.74,5.78,285600
PLBC,09-Aug-2012,3.2,3.2,3.2,3.2,300
PLCE,09-Aug-2012,51.5,51.51,50.33,50.81,407200
PLPC,09-Aug-2012,55.59,55.59,54.37,54.6,2700
PLUG,09-Aug-2012,1.19,1.23,1.18,1.21,72500
PLUS,09-Aug-2012,36.3,36.75,35.47,35.83,10300
PLXS,09-Aug-2012,30.39,31.07,30.01,30.06,113800
PMBC,09-Aug-2012,6.84,6.84,6.55,6.73,14100
PMD,09-Aug-2012,11.44,11.6,11.43,11.46,7300
PNBK,09-Aug-2012,16,16,16,16,0
PNFP,09-Aug-2012,19.64,19.72,19.24,19.24,61100
PNNT,09-Aug-2012,10.48,10.91,10.41,10.79,755900
PNQI,09-Aug-2012,39.52,39.71,39.52,39.57,2900
PNRA,09-Aug-2012,156.9,157.99,155.38,156.56,214000
PNRG,09-Aug-2012,25.06,27.2,25.06,26,7500
PNTR,09-Aug-2012,2.36,2.36,2.36,2.36,0
PODD,09-Aug-2012,18.5,20.12,17.95,20.1,650300
POOL,09-Aug-2012,37.5,37.85,36.94,37.07,165500
POPE,09-Aug-2012,54,55.53,53.78,55.53,3400
POWI,09-Aug-2012,33.13,33.66,33.13,33.39,369300
POWL,09-Aug-2012,41.02,41.56,40.45,41.18,43700
PPBI,09-Aug-2012,9,9,8.7,8.71,1700
PPHM,09-Aug-2012,1.89,2.46,1.88,2.4,6087500
PRAA,09-Aug-2012,32.0367,32.0367,31.3633,31.6433,83400
PRAN,09-Aug-2012,9.18,10.02,9.18,9.84,71000
PRCP,09-Aug-2012,5.23,5.38,5.23,5.37,9200
PRFT,09-Aug-2012,11.76,11.76,11.55,11.59,146000
PRFZ,09-Aug-2012,64.83,65.17,64.83,65.02,21300
PRGS,09-Aug-2012,19.53,19.89,19.46,19.77,151300
PRGX,09-Aug-2012,7.78,7.92,7.73,7.86,48900
PRIM,09-Aug-2012,13.68,13.68,13.15,13.22,95600
PRKR,09-Aug-2012,19.7,20,18.7,19.7,477200
PRMW,09-Aug-2012,1.13,1.24,1.11,1.22,574600
PROV,09-Aug-2012,12.53,12.75,12.53,12.6,13300
PRPH,09-Aug-2012,1.07,1.07,1.06,1.06,1900
PRSC,09-Aug-2012,11.75,11.75,10.21,10.61,252000
PRSS,09-Aug-2012,8.73,9.17,8.6,8.91,96000
PRTS,09-Aug-2012,3.93,3.95,3.85,3.95,18800
PRXL,09-Aug-2012,28,28.51,26.59,27,2036200
PSAU,09-Aug-2012,34.6,34.78,34.34,34.77,2300
PSCC,09-Aug-2012,33.7,33.83,33.69,33.83,6200
PSCD,09-Aug-2012,31.16,31.24,31.1,31.15,9100
PSCE,09-Aug-2012,33.25,33.92,33.25,33.8,1700
PSCF,09-Aug-2012,30.04,30.1,29.95,29.95,2900
PSCH,09-Aug-2012,35.29,35.39,35.25,35.36,9700
PSCI,09-Aug-2012,29,29.29,28.98,29.24,4700
PSCM,09-Aug-2012,28.45,28.45,28.45,28.45,0
PSCT,09-Aug-2012,29.73,29.85,29.69,29.85,3800
PSCU,09-Aug-2012,31.19,31.29,31.17,31.29,1100
PSDV,09-Aug-2012,1.73,1.9,1.73,1.81,145100
PSEC,09-Aug-2012,11.04,11.04,10.94,10.94,1745700
PSMT,09-Aug-2012,71.22,71.66,69.7,71.35,113200
PSTB,09-Aug-2012,4.64,4.73,4.62,4.7,62600
PSTI,09-Aug-2012,3.78,4.2,3.75,4.05,3039300
PTEN,09-Aug-2012,16.09,16.91,16.06,16.76,4924300
PTIE,09-Aug-2012,3.74,3.75,3.67,3.71,48500
PTNR,09-Aug-2012,3.5,3.54,3.48,3.54,55600
PTSI,09-Aug-2012,9.41,9.71,9.25,9.52,12100
PVTB,09-Aug-2012,15.45,15.63,15.4,15.52,133500
PVTBP,09-Aug-2012,26.48,26.55,26.44,26.5,3900
PWOD,09-Aug-2012,39.26,39.81,39.24,39.53,1000
PWX,09-Aug-2012,12.73,13,12.73,13,5400
PXLW,09-Aug-2012,3.14,3.15,2.96,2.98,49300
PZZA,09-Aug-2012,26.075,26.135,25.72,25.765,97800
QABA,09-Aug-2012,25.1,25.11,25.07,25.11,700
QADA,09-Aug-2012,13.84,13.84,13.3,13.52,26900
QADB,09-Aug-2012,13.5,13.59,13.11,13.11,4500
QBAK,09-Aug-2012,10.86,10.86,10.86,10.86,0
QCLN,09-Aug-2012,9.1,9.37,9.1,9.37,4900
QCOM,09-Aug-2012,61.53,62,61.27,62,7022300
QCRH,09-Aug-2012,12.95,12.95,12.95,12.95,0
QDEL,09-Aug-2012,16.15,16.15,15.95,16.04,34700
QGEN,09-Aug-2012,17.19,17.41,17.11,17.41,881300
QLTI,09-Aug-2012,7.82,7.85,7.63,7.7,271100
QNST,09-Aug-2012,8.92,9.1,8.85,9.04,118100
QQEW,09-Aug-2012,25.72,25.77,25.66,25.68,9100
QQQ,09-Aug-2012,66.62,66.91,66.49,66.82,20726100
QQQC,09-Aug-2012,13.4,13.4,13.24,13.3,1100
QQQX,09-Aug-2012,15.98,16,15.93,15.98,50500
QQXT,09-Aug-2012,23.81,23.81,23.73,23.76,1200
QSII,09-Aug-2012,17.94,18.13,17.65,18.08,884200
QTEC,09-Aug-2012,26.23,26.37,26.19,26.29,23800
QUIK,09-Aug-2012,2.2,2.2,2.12,2.17,141300
RADA,09-Aug-2012,2.56,2.6,2.56,2.58,2600
RAIL,09-Aug-2012,19.05,20.06,19.05,19.94,86400
RAND,09-Aug-2012,2.74,2.74,2.74,2.74,800
RAVN,09-Aug-2012,33.09,33.27,32.86,33.01,48200
RBCAA,09-Aug-2012,23.65,23.99,23.65,23.97,12900
RBCN,09-Aug-2012,9.49,9.85,9.49,9.83,329700
RBPAA,09-Aug-2012,2.1,2.44,1.69,2.44,11800
RCII,09-Aug-2012,36.49,36.57,36.12,36.21,192500
RCKY,09-Aug-2012,11.47,11.75,11.4,11.47,5100
RCMT,09-Aug-2012,5.63,5.69,5.61,5.64,7500
RCON,09-Aug-2012,1.92,1.95,1.86,1.87,21900
RDCM,09-Aug-2012,3.09,3.21,3.05,3.21,3400
RDI,09-Aug-2012,5.05,5.07,4.99,5.07,23400
RDIB,09-Aug-2012,5,5,5,5,0
RDNT,09-Aug-2012,2.51,2.84,2.49,2.53,385800
RDWR,09-Aug-2012,16.19,16.33,15.545,15.75,221200
RECN,09-Aug-2012,11.73,11.91,11.56,11.72,278100
REFR,09-Aug-2012,2.9,2.92,2.9,2.9,8300
REGI,09-Aug-2012,5.17,5.25,5.07,5.11,76800
REGN,09-Aug-2012,139.09,140.74,137.31,137.81,450800
REIS,09-Aug-2012,10.83,10.83,10.83,10.83,100
RELL,09-Aug-2012,12.42,12.5,12.29,12.34,26800
RELV,09-Aug-2012,8.96,9.59,8.96,8.96,1400
REXX,09-Aug-2012,13.17,13.69,12.87,13.51,830400
RFIL,09-Aug-2012,3.97,3.97,3.97,3.97,700
RGCO,09-Aug-2012,17.81,17.81,17.81,17.81,1000
RGEN,09-Aug-2012,4.66,4.73,4.62,4.71,84300
RGLD,09-Aug-2012,77.36,78.01,76.05,76.78,894400
RICK,09-Aug-2012,8.11,8.2,8.04,8.09,9900
RIGL,09-Aug-2012,9.97,10.09,9.75,9.8,154300
RLOG,09-Aug-2012,7.85,7.89,7.5,7.68,39800
RMBS,09-Aug-2012,4.61,4.75,4.54,4.73,938200
RMCF,09-Aug-2012,12.09,12.14,11.95,12.14,5500
RMTI,09-Aug-2012,8.5,8.55,8.25,8.3,128700
RNET,09-Aug-2012,17.14,17.32,16.86,17.29,15300
RNST,09-Aug-2012,18.06,18.14,17.9,17.95,24300
RNWK,09-Aug-2012,7.98,8.2,7.57,8.04,54200
ROCK,09-Aug-2012,10.93,11.09,10.82,11,56800
ROIA,09-Aug-2012,0.83,0.83,0.83,0.83,6800
ROIAK,09-Aug-2012,0.8,0.89,0.75,0.79,42000
ROIC,09-Aug-2012,12.4,12.42,12.33,12.37,229400
ROLL,09-Aug-2012,45.9,46.29,45.44,46.15,91100
ROSG,09-Aug-2012,4.79,4.84,4.3,4.32,1107500
ROST,09-Aug-2012,34.09,34.2,33.55,33.895,1704200
RP,09-Aug-2012,24.89,25.45,24.86,25.33,403900
RPRX,09-Aug-2012,9.29,9.29,8.93,9.17,35100
RPTP,09-Aug-2012,4.78,4.83,4.67,4.71,155100
RPXC,09-Aug-2012,11.59,11.73,11.49,11.69,112700
RRGB,09-Aug-2012,31.45,32.79,31.19,32.24,616500
RSTI,09-Aug-2012,18.91,19.38,18.79,19.29,149800
RSYS,09-Aug-2012,3.75,3.81,3.64,3.71,61700
RTIX,09-Aug-2012,3.81,3.82,3.73,3.79,70100
RUSHA,09-Aug-2012,16.5,17.14,16.5,16.69,129700
RUSHB,09-Aug-2012,13.89,14.3,13.84,13.98,17200
RUTH,09-Aug-2012,6.83,6.91,6.79,6.86,63600
RVSB,09-Aug-2012,1.38,1.5,1.37,1.49,8700
RYAAY,09-Aug-2012,29.6,29.8,29.44,29.54,80800
SAAS,09-Aug-2012,5.01,5.14,4.94,5.1,77700
SAFM,09-Aug-2012,39.12,39.49,38.59,39.06,466900
SAFT,09-Aug-2012,45.27,45.31,44.84,45.01,18600
SAIA,09-Aug-2012,15.26,15.4867,15.1867,15.3067,88700
SALM,09-Aug-2012,4.92,4.96,4.87,4.95,43900
SANM,09-Aug-2012,8.34,8.78,8.32,8.76,600500
SANW,09-Aug-2012,4.84,4.9,4.76,4.87,20900
SASR,09-Aug-2012,18.61,18.66,18.39,18.48,11500
SATS,09-Aug-2012,29.61,30.06,29.11,29.47,149200
SAVE,09-Aug-2012,20.4,20.4,19.81,20.1,501300
SBAC,09-Aug-2012,60.01,60.36,59.66,60.29,1293800
SBBX,09-Aug-2012,4.85,4.97,4.82,4.97,1000
SBCF,09-Aug-2012,7.15,7.15,7.1,7.15,47500
SBGI,09-Aug-2012,11.67,11.71,11.25,11.35,752600
SBLK,09-Aug-2012,39,40.5,39,39,108400
SBNY,09-Aug-2012,64.21,64.63,63.61,63.76,151400
SBNYW,09-Aug-2012,38.8,38.8,38.8,38.8,0
SBRA,09-Aug-2012,19.02,19.07,18.81,18.91,195600
SBSA,09-Aug-2012,3.99,4.04,3.93,3.98,11900
SBSI,09-Aug-2012,20.5048,20.619,20.0857,20.2476,17800
SBUX,09-Aug-2012,22.795,22.83,22.515,22.555,9089800
SCHL,09-Aug-2012,30.93,31.28,30.67,31.02,236000
SCHN,09-Aug-2012,31.76,33.03,31.43,32.95,592800
SCLN,09-Aug-2012,5.35,5.99,5.35,5.88,1878900
SCMP,09-Aug-2012,4.13,4.15,4.05,4.08,45400
SCON,09-Aug-2012,136.8,136.8,122.4,129.6,70300
SCOR,09-Aug-2012,13.07,13.42,12.98,13.29,207700
SCSC,09-Aug-2012,30.44,31.07,30.44,30.75,94000
SCSS,09-Aug-2012,28.16,28.62,27.71,28.17,615600
SCVL,09-Aug-2012,22.21,22.34,21.86,22.06,46600
SEAC,09-Aug-2012,7.69,7.69,7.51,7.67,63500
SEED,09-Aug-2012,1.47,1.54,1.44,1.52,33500
SEIC,09-Aug-2012,21.63,21.67,21.36,21.55,656000
SENEA,09-Aug-2012,25.22,25.72,25.11,25.22,6100
SENEB,09-Aug-2012,24.46,24.46,24.46,24.46,0
SEV,09-Aug-2012,5,5.12,4.97,5,7700
SFLY,09-Aug-2012,32.55,32.85,32.05,32.07,667100
SFNC,09-Aug-2012,23.23,23.34,23.16,23.19,22600
SFST,09-Aug-2012,8.1,8.1,8.1,8.1,300
SGC,09-Aug-2012,11.75,11.75,11.75,11.75,0
SGEN,09-Aug-2012,23.26,25.74,22.68,24.54,3111400
SGI,09-Aug-2012,7.69,8.84,7.5,8.68,3460800
SGMA,09-Aug-2012,3.77,3.77,3.75,3.75,1700
SGMO,09-Aug-2012,5.05,5.15,5,5.14,102300
SGMS,09-Aug-2012,6.78,6.8,6.66,6.76,867900
SGRP,09-Aug-2012,1.41,1.51,1.35,1.35,20900
SGYP,09-Aug-2012,3.97,4.1,3.94,4.02,109600
SGYPW,09-Aug-2012,2.32,2.35,2.3,2.35,300
SHBI,09-Aug-2012,5.2,5.4,5.1,5.3,5300
SHEN,09-Aug-2012,7.89,7.925,7.845,7.85,20700
SHIP,09-Aug-2012,10.05,10.05,7.9,8.85,12600
SHLD,09-Aug-2012,52.13,52.26,50.47,50.67,535600
SHLM,09-Aug-2012,22.52,22.98,22.41,22.96,95300
SHLO,09-Aug-2012,10.48,10.9,10.48,10.63,6600
SHOO,09-Aug-2012,26.94,27.12,26.6467,27.08,426500
SHOR,09-Aug-2012,4.63,4.68,4.51,4.54,164800
SHPG,09-Aug-2012,92.77,93.24,92.02,92.64,150700
SIEB,09-Aug-2012,1.63,1.63,1.4,1.41,19200
SIFI,09-Aug-2012,11.42,11.5,11.31,11.42,5600
SIFY,09-Aug-2012,2.07,2.11,2.06,2.1,24100
SIGI,09-Aug-2012,17.87,17.93,17.71,17.71,85800
SIGM,09-Aug-2012,6.77,6.83,6.63,6.67,156900
SILC,09-Aug-2012,14.75,14.89,14.71,14.88,1500
SIMO,09-Aug-2012,15.75,16,15.61,15.93,333000
SINA,09-Aug-2012,50,53.02,49.82,52.51,3022600
SINO,09-Aug-2012,2.38,2.45,2.26,2.37,20600
SIRI,09-Aug-2012,2.49,2.49,2.33,2.4,121589400
SIVB,09-Aug-2012,56.73,56.99,56.1,56.2,315100
SIVBO,09-Aug-2012,25.47,25.6,25.47,25.6,1100
SKYW,09-Aug-2012,8.07,8.49,7.94,7.97,937100
SKYY,09-Aug-2012,18.77,18.94,18,18.94,27800
SLAB,09-Aug-2012,39.08,39.54,38.83,39.18,176300
SLGN,09-Aug-2012,40.23,40.63,40.22,40.55,154800
SLM,09-Aug-2012,5.7214,5.7429,5.6893,5.7107,2350900
SLMAP,09-Aug-2012,47.48,47.65,47.3,47.64,22600
SLMBP,09-Aug-2012,46.15,46.98,46.15,46.98,700
SLP,09-Aug-2012,4.17,4.2,4.17,4.2,6600
SLRC,09-Aug-2012,22.74,22.93,22.66,22.91,140100
SMBC,09-Aug-2012,11.39,11.39,11.375,11.375,400
SMCI,09-Aug-2012,12.51,12.67,12.13,12.22,236400
SMED,09-Aug-2012,2.85,2.86,2.79,2.81,2200
SMIT,09-Aug-2012,3.26,3.26,3.26,3.26,0
SMMF,09-Aug-2012,3.8,4.11,3.75,4.11,2700
SMRT,09-Aug-2012,7.98,8.04,7.81,7.91,34600
SMSI,09-Aug-2012,6.88,6.88,6.6,6.8,69200
SMTC,09-Aug-2012,25.19,25.27,24.74,24.82,370900
SMTX,09-Aug-2012,3.18,3.2,3.09,3.15,115200
SNAK,09-Aug-2012,5.68,5.82,5.55,5.78,84700
SNBC,09-Aug-2012,14.5,14.7,14.45,14.5,17900
SNCR,09-Aug-2012,22.29,22.29,21.77,21.96,212300
SNFCA,09-Aug-2012,2.58,2.65,2.46,2.65,6700
SNHY,09-Aug-2012,23.93,24.1,23.75,23.82,37600
SNMX,09-Aug-2012,2.08,2.11,2,2.05,80300
SNPS,09-Aug-2012,30.8,30.9,30.61,30.8,304900
SNSS,09-Aug-2012,17.94,18.66,17.46,17.88,171900
SOCL,09-Aug-2012,12.79,12.93,12.79,12.91,6100
SODA,09-Aug-2012,41.15,41.41,39.2,40.58,1954800
SOFO,09-Aug-2012,7.32,7.46,7.3,7.31,3000
SOHU,09-Aug-2012,39.28,40.6,39.2,40.13,624700
SONA,09-Aug-2012,7.34,7.34,7.34,7.34,200
SONC,09-Aug-2012,9.39,9.43,9.24,9.3,346800
SONS,09-Aug-2012,8.85,9.2,8.65,9.15,1418000
SORL,09-Aug-2012,1.99,2,1.93,1.96,30100
SOXX,09-Aug-2012,54.61,55.08,54.51,55,299800
SPAN,09-Aug-2012,15.72,16.6,15.72,16.5,4300
SPAR,09-Aug-2012,5.18,5.24,5.04,5.07,59500
SPEX,09-Aug-2012,182.4,190,182.4,186.2,1900
SPIL,09-Aug-2012,5.64,5.64,5.47,5.5,892300
SPLK,09-Aug-2012,30.21,30.58,29.94,30.52,285600
SPLS,09-Aug-2012,13.35,13.46,13.25,13.31,4788800
SPNC,09-Aug-2012,11.71,12.14,11.56,12.09,231200
SPNS,09-Aug-2012,3.54,3.55,3.4,3.48,10100
SPPI,09-Aug-2012,12.19,12.2,11.82,12.11,2507500
SPRT,09-Aug-2012,2.99,2.99,2.81,2.89,153500
SPSC,09-Aug-2012,31.27,31.42,30.57,30.89,35100
SPTN,09-Aug-2012,15.35,15.45,15.29,15.37,51000
SPU,09-Aug-2012,1.51,1.57,1.5,1.54,29500
SPWR,09-Aug-2012,4.16,4.3,4.02,4.2,3189600
SQQQ,09-Aug-2012,164.44,165.32,162.24,163.12,1143500
SRCE,09-Aug-2012,22.3,22.46,22,22.09,24800
SRCL,09-Aug-2012,90.18,90.18,88.79,89.06,549200
SRDX,09-Aug-2012,17.75,17.83,17.69,17.7,210200
SREV,09-Aug-2012,8.19,8.21,8.01,8.09,1845400
SRPT,09-Aug-2012,7.8,8.1,7.5,8.05,1025900
SSBI,09-Aug-2012,6.4,6.45,6.38,6.45,3800
SSFN,09-Aug-2012,4.24,4.24,4.07,4.19,1700
SSH,09-Aug-2012,8.69,8.93,7.77,8.2,156100
SSNC,09-Aug-2012,25.06,26.21,24.79,25.29,263800
SSRI,09-Aug-2012,13.1,13.61,12.97,13.47,556300
SSYS,09-Aug-2012,66.5,67.25,65.68,66.63,540900
STAA,09-Aug-2012,6.38,6.68,6.32,6.61,135600
STB,09-Aug-2012,6.37,6.44,6.34,6.4,205200
STBA,09-Aug-2012,16.79,16.85,16.53,16.54,42700
STBZ,09-Aug-2012,16.3,16.3,15.9,16.02,65900
STEM,09-Aug-2012,20.28,22.08,20.16,21.24,1435900
STFC,09-Aug-2012,13.88,13.95,13.69,13.78,41300
STKL,09-Aug-2012,5.15,5.18,5.06,5.1,334200
STLD,09-Aug-2012,13.15,13.45,13.09,13.37,2031900
STLY,09-Aug-2012,4.29,4.34,4.05,4.34,15900
STMP,09-Aug-2012,20.82,20.99,20.25,20.28,222400
STPP,09-Aug-2012,35.92,35.92,35.92,35.92,0
STRA,09-Aug-2012,73,73.32,72.85,73,212900
STRL,09-Aug-2012,10.78,10.78,10.11,10.16,24700
STRM,09-Aug-2012,3.95,4.1,3.8,3.8,53600
STRS,09-Aug-2012,8.64,9.43,8.64,9.41,1800
STRT,09-Aug-2012,23.5,24.02,23.5,23.75,800
STX,09-Aug-2012,32.97,33.29,32.48,33.09,13936400
SUMR,09-Aug-2012,3.12,3.17,3.09,3.14,14700
SUNS,09-Aug-2012,17.3,17.56,17.27,17.35,52700
SUPN,09-Aug-2012,12.24,13.2,12.24,12.92,37600
SVA,09-Aug-2012,2.15,2.22,2.14,2.19,32400
SVBI,09-Aug-2012,2.65,2.77,2.65,2.77,2700
SVVC,09-Aug-2012,16.04,16.26,15.83,16.05,61400
SWHC,09-Aug-2012,9.45,9.93,9.38,9.92,2066200
SWIR,09-Aug-2012,9.44,9.5,9.21,9.46,123800
SWKS,09-Aug-2012,28.66,29.14,28.64,29,2364000
SYBT,09-Aug-2012,15.44,15.7667,15.3333,15.5333,24600
SYKE,09-Aug-2012,13.26,13.35,13.13,13.24,173500
SYMC,09-Aug-2012,17.15,17.3,16.99,17,9909200
SYMX,09-Aug-2012,1.07,1.11,1.06,1.08,14400
SYNA,09-Aug-2012,28.83,30.25,28.55,29.86,593600
SYNC,09-Aug-2012,10.45,10.45,9.8,10.05,443100
SYNL,09-Aug-2012,12.79,13,12.5,13,1500
SYNT,09-Aug-2012,30.15,30.5,30.075,30.425,102100
SYPR,09-Aug-2012,6.38,6.45,6,6.19,87900
SYUT,09-Aug-2012,5.7,5.71,5.6,5.67,57300
TACT,09-Aug-2012,7.05,7.22,6.85,7.08,10600
TAIT,09-Aug-2012,0.97,0.97,0.97,0.97,0
TASR,09-Aug-2012,5.64,5.7,5.6,5.69,294900
TAST,09-Aug-2012,5.38,5.51,5.25,5.41,158200
TATT,09-Aug-2012,4.23,4.25,4.21,4.21,4600
TAX,09-Aug-2012,11.9,11.9,11.9,11.9,100
TAYD,09-Aug-2012,8.1,8.14,8.1,8.14,400
TBBK,09-Aug-2012,9.23,9.29,9.13,9.17,34000
TBNK,09-Aug-2012,23.41,23.59,23.39,23.5,7200
TCBI,09-Aug-2012,43.84,44.22,43.71,44.01,349800
TCBK,09-Aug-2012,15.2,15.33,15.18,15.19,11200
TCCO,09-Aug-2012,6.44,6.45,6.25,6.37,12600
TCPC,09-Aug-2012,14.7,14.74,14.45,14.65,39100
TCRD,09-Aug-2012,13.96,13.96,13.61,13.75,90800
TCX,09-Aug-2012,4.28,4.36,4.2,4.32,370700
TEAR,09-Aug-2012,3.32,3.4,3.21,3.34,72100
TECD,09-Aug-2012,48.03,49.8,47.75,49.12,467200
TECH,09-Aug-2012,68.46,69,68.02,68.47,85300
TESO,09-Aug-2012,10.17,10.85,10.16,10.69,418700
TESS,09-Aug-2012,18.5,18.68,18.24,18.49,29500
TFSL,09-Aug-2012,9.03,9.09,8.98,9.03,250400
TGA,09-Aug-2012,8.86,9.9,8.86,9.69,156900
THFF,09-Aug-2012,30.26,30.26,29.83,30.11,10600
THLD,09-Aug-2012,7.72,7.81,7.6,7.73,752900
THRM,09-Aug-2012,11.5,11.87,11.46,11.68,101200
TICC,09-Aug-2012,9.87,9.96,9.85,9.9,227400
TINY,09-Aug-2012,3.75,3.79,3.7,3.71,30600
TISA,09-Aug-2012,4.52,4.53,4.35,4.41,42300
TITN,09-Aug-2012,30.02,30.02,29.03,29.26,146500
TIVO,09-Aug-2012,9.05,9.13,8.88,8.94,1597400
TLF,09-Aug-2012,5.35,5.5,5.27,5.45,23200
TLT,09-Aug-2012,124.77,125.3,123.75,125.07,7557200
TNAV,09-Aug-2012,5.72,5.91,5.72,5.86,38400
TNGO,09-Aug-2012,21.4,22.07,20.6,21.4,1286200
TOPS,09-Aug-2012,94.5,94.5,94.5,94.5,4300
TORM,09-Aug-2012,14.18,14.2,14.1,14.2,2800
TOWN,09-Aug-2012,14.1,14.17,13.94,14.07,21100
TQQQ,09-Aug-2012,27.71,28.075,27.565,27.935,808400
TREE,09-Aug-2012,14.04,14.29,13.92,14.01,40000
TRIB,09-Aug-2012,12.49,12.58,12.28,12.5,34400
TRIP,09-Aug-2012,36.92,37.12,36.1,36.18,1646300
TRMB,09-Aug-2012,23.505,23.68,23.39,23.43,922500
TRMK,09-Aug-2012,24.25,24.25,23.82,23.95,230300
TRNS,09-Aug-2012,6.72,6.75,6.35,6.38,6200
TROV,09-Aug-2012,2.25,2.31,2.25,2.29,15900
TROVW,09-Aug-2012,0.3,0.3,0.3,0.3,1000
TROW,09-Aug-2012,60.93,61.31,60.6,61.02,735200
TRS,09-Aug-2012,21.95,22.34,21.75,21.89,84700
TRST,09-Aug-2012,5.58,5.61,5.57,5.59,177100
TSBK,09-Aug-2012,5.25,5.39,5.15,5.3,10900
TSCO,09-Aug-2012,46.07,46.09,45.75,45.805,575400
TSEM,09-Aug-2012,7.91,9.1,7.89,8.87,71600
TSLA,09-Aug-2012,29.52,30,29.13,29.41,672500
TSRA,09-Aug-2012,14.76,14.93,14.67,14.87,129900
TSRI,09-Aug-2012,3.7,3.7,3.7,3.7,100
TSRO,09-Aug-2012,13.49,13.79,13.13,13.79,45500
TST,09-Aug-2012,1.32,1.39,1.32,1.38,144500
TTEC,09-Aug-2012,16.4,16.47,16.38,16.46,46200
TTEK,09-Aug-2012,26,26.34,25.92,26.27,205000
TTGT,09-Aug-2012,5.28,5.28,4.95,5.01,71400
TTMI,09-Aug-2012,9.35,9.52,9.3,9.34,403300
TTWO,09-Aug-2012,9.01,9.01,8.72,8.82,1885300
TUES,09-Aug-2012,5.11,5.15,5.1,5.11,62200
TWER,09-Aug-2012,78.8,79.2,76.6,77.8,198500
TWIN,09-Aug-2012,20.69,21.64,20.69,21.18,61500
TWMC,09-Aug-2012,3.14,3.21,3.14,3.21,3600
TXN,09-Aug-2012,29.31,29.79,29.23,29.54,7914000
TXRH,09-Aug-2012,17.54,17.69,17.44,17.58,530700
TYPE,09-Aug-2012,14.74,15.19,14.69,14.87,108900
TZOO,09-Aug-2012,21.96,22.31,21.91,22.25,158400
UBCP,09-Aug-2012,9.46,9.48,9.37,9.48,900
UBFO,09-Aug-2012,2.45,2.5,2.45,2.45,1500
UBNK,09-Aug-2012,14.04,14.2,14.04,14.13,82000
UBNT,09-Aug-2012,14.07,15.26,14.07,15.01,1665100
UBOH,09-Aug-2012,8.95,8.95,8.95,8.95,2500
UBSH,09-Aug-2012,14.99,15.11,14.81,14.87,64900
UBSI,09-Aug-2012,23.73,23.78,23.48,23.55,223800
UCBA,09-Aug-2012,7.17,7.17,6.65,6.65,800
UCBI,09-Aug-2012,7.56,7.82,7.56,7.71,125900
UCFC,09-Aug-2012,2.92,2.99,2.76,2.94,21300
UCTT,09-Aug-2012,6.59,6.91,6.56,6.71,40400
UEIC,09-Aug-2012,14.95,15.22,14.93,15.16,23000
UEPS,09-Aug-2012,8.36,8.43,8.28,8.39,83300
UFCS,09-Aug-2012,21.38,21.38,20.76,20.87,42500
UFPI,09-Aug-2012,34.72,35.45,34.31,34.79,68600
UFPT,09-Aug-2012,16.8,17.23,16.8,17.14,29600
UG,09-Aug-2012,17.63,17.75,17.63,17.7,3800
UHAL,09-Aug-2012,94.5,95.6,92.42,94.23,34500
ULBI,09-Aug-2012,2.86,3.02,2.8,2.94,21200
ULTA,09-Aug-2012,88.52,88.61,86.7,87.09,625800
ULTI,09-Aug-2012,94.45,94.96,93.38,94.7,72000
UMBF,09-Aug-2012,48.97,49.15,48.47,48.75,67900
UMPQ,09-Aug-2012,12.19,12.34,12.14,12.29,456300
UNAM,09-Aug-2012,9.99,10.3,9.69,10,10800
UNB,09-Aug-2012,19.84,19.84,19.3,19.3,800
UNFI,09-Aug-2012,54.2,54.2,53.37,53.5,192500
UNIS,09-Aug-2012,30.1,30.3,29.8,30.1,220700
UNTY,09-Aug-2012,5.95,5.95,5.95,5.95,0
UNXL,09-Aug-2012,5.83,5.89,5.5,5.8,306900
URBN,09-Aug-2012,30.9,31.2,30.84,30.87,1480300
URRE,09-Aug-2012,68.4,70.8,66,69.6,641800
USAK,09-Aug-2012,4.12,4.12,4.01,4.1,600
USAP,09-Aug-2012,35.04,35.47,34.33,35.05,24800
USAT,09-Aug-2012,1.54,1.55,1.45,1.48,87100
USATP,09-Aug-2012,16,16,16,16,0
USCR,09-Aug-2012,5.91,6.15,5.9,6.05,14100
USEG,09-Aug-2012,13.98,14.34,13.92,14.16,57500
USLM,09-Aug-2012,43.42,43.74,43.14,43.66,1300
UTEK,09-Aug-2012,32.32,32.41,31.54,32.22,262400
UTHR,09-Aug-2012,55.01,55.65,54.89,55.42,362200
UTMD,09-Aug-2012,33.65,34.13,33.65,33.87,10500
UTSI,09-Aug-2012,3.21,3.3,3.21,3.27,269600
UVSP,09-Aug-2012,16.07,16.15,16,16.03,13700
VALU,09-Aug-2012,12.25,12.43,12.15,12.21,2700
VASC,09-Aug-2012,13.75,13.93,13.5,13.89,25500
VBFC,09-Aug-2012,15.84,16,15.68,16,22600
VCIT,09-Aug-2012,86.32,86.43,86.11,86.38,278700
VCLT,09-Aug-2012,91.76,91.98,91.32,91.86,156000
VCSH,09-Aug-2012,79.71,79.74,79.65,79.69,297000
VDSI,09-Aug-2012,9.48,9.54,9.3,9.34,126700
VECO,09-Aug-2012,37.8,38.35,37.8,38.11,655600
VGIT,09-Aug-2012,66.13,66.18,66.06,66.16,16100
VGLT,09-Aug-2012,77.24,77.4,76.9,77.37,19100
VGSH,09-Aug-2012,60.95,60.96,60.93,60.94,8800
VIA,09-Aug-2012,51.25,51.97,51.25,51.72,6700
VIAB,09-Aug-2012,49.2,50.05,49.1,49.79,5147000
VICL,09-Aug-2012,35.6,36.4,35.4,35.5,183000
VICR,09-Aug-2012,6.84,6.96,6.5,6.58,80700
VIRC,09-Aug-2012,1.6,1.6,1.59,1.59,5500
VISN,09-Aug-2012,5.2,6,5.2,5.2,153200
VIVO,09-Aug-2012,16.9,17,16.84,16.91,145500
VLGEA,09-Aug-2012,34.83,35.86,34.74,35.06,3600
VMBS,09-Aug-2012,52.56,52.62,52.51,52.62,28100
VNDA,09-Aug-2012,4.06,4.18,4.06,4.14,89300
VNET,09-Aug-2012,10.64,10.72,10.47,10.57,327400
VNQI,09-Aug-2012,50.2,50.3,50.09,50.16,34800
VOD,09-Aug-2012,29.72,29.76,29.61,29.73,6766900
VONE,09-Aug-2012,63.92,64.04,63.82,63.93,1000
VONG,09-Aug-2012,66.73,66.75,66.67,66.71,2600
VONV,09-Aug-2012,61.3,61.59,61.3,61.5,2700
VOXX,09-Aug-2012,7.68,8.35,7.66,8.19,224500
VRA,09-Aug-2012,23.4,25.03,23.2,25.02,635800
VRML,09-Aug-2012,1.9,1.9,1.85,1.87,32300
VRNT,09-Aug-2012,27.83,28.32,27.83,28.04,47700
VRSK,09-Aug-2012,49.05,49.05,48.46,48.74,941100
VRSN,09-Aug-2012,46.35,46.77,46.29,46.6,1207500
VRTB,09-Aug-2012,4.8,4.8,4.8,4.8,5000
VRTS,09-Aug-2012,84.22,86.42,84.22,85.43,12300
VRTU,09-Aug-2012,15.67,16.05,15.44,16,74400
VRTX,09-Aug-2012,50.71,52.18,50.71,51.51,1391600
VSAT,09-Aug-2012,35.67,36.72,35.59,36.46,393000
VSEC,09-Aug-2012,11.065,11.4,11.065,11.355,20600
VSTM,09-Aug-2012,8.94,9.5,8.78,9.14,5300
VTHR,09-Aug-2012,63.82,63.82,63.82,63.82,0
VTWG,09-Aug-2012,66.48,66.61,66.37,66.5,1500
VTWO,09-Aug-2012,64.12,64.12,63.94,63.95,12500
VTWV,09-Aug-2012,61.15,61.41,61.14,61.41,1500
VVUS,09-Aug-2012,21.77,22.06,21.53,21.66,2436200
VXUS,09-Aug-2012,43.54,43.91,43.54,43.72,72400
WABC,09-Aug-2012,46.2,46.33,45.69,46.07,40700
WAFD,09-Aug-2012,16.39,16.45,16.2,16.28,212600
WAFDW,09-Aug-2012,3.37,3.37,3.37,3.37,0
WASH,09-Aug-2012,24.92,25.21,24.92,25.02,14600
WAYN,09-Aug-2012,8.5,8.5,8.46,8.5,1300
WBKC,09-Aug-2012,16.76,17.24,16.75,17.24,2500
WBMD,09-Aug-2012,15.12,15.16,14.91,15.15,290200
WDC,09-Aug-2012,42.18,43.12,42.02,43.03,4000400
WDFC,09-Aug-2012,48.62,49.33,48.62,49.04,33000
WEBK,09-Aug-2012,14.75,14.75,14.75,14.75,1000
WEN,09-Aug-2012,4.65,4.71,4.53,4.58,2803700
WERN,09-Aug-2012,23.22,23.29,22.99,23.12,407700
WETF,09-Aug-2012,7,7.03,6.88,6.93,103600
WEYS,09-Aug-2012,23.45,23.45,23.1,23.22,6300
WFM,09-Aug-2012,46.89,47.41,46.715,47.33,958000
WIFI,09-Aug-2012,7.19,7.32,6.51,6.77,1113200
WILC,09-Aug-2012,4.09,4.27,4.05,4.11,2800
WILN,09-Aug-2012,4.89,4.99,4.88,4.99,13300
WIN,09-Aug-2012,9.69,9.7,9.11,9.3,35858700
WINA,09-Aug-2012,55.33,56.15,55.33,56.15,300
WIRE,09-Aug-2012,28.18,28.35,27.99,28.22,41500
WLB,09-Aug-2012,7.26,7.57,7.26,7.55,17300
WLDN,09-Aug-2012,1.29,1.3,1.25,1.29,8600
WLFC,09-Aug-2012,12.1,12.11,11.66,11.76,7800
WMAR,09-Aug-2012,10.34,10.35,10.26,10.35,14400
WMGI,09-Aug-2012,19.9,20.03,19.7,19.75,193500
WOOD,09-Aug-2012,38.22,38.24,38,38.08,12300
WOOF,09-Aug-2012,18.65,18.75,18.5,18.59,531000
WPCS,09-Aug-2012,110.88,113.96,109.34,109.34,26400
WPPGY,09-Aug-2012,67.03,67.21,66.74,67.13,29300
WPRT,09-Aug-2012,36.29,37.33,36.25,37.1,786300
WRLD,09-Aug-2012,71.73,72.28,71.52,71.93,93800
WSBC,09-Aug-2012,20.81,20.9,20.74,20.81,24100
WSBF,09-Aug-2012,4.33,4.7,4.25,4.58,22900
WSCI,09-Aug-2012,7.27,7.61,7.06,7.28,6900
WSFS,09-Aug-2012,13.91,14.1667,13.7267,14.0867,11100
WSTG,09-Aug-2012,12.4,12.59,12.29,12.29,6400
WSTL,09-Aug-2012,2.22,2.25,2.2,2.21,221200
WTBA,09-Aug-2012,10.11,10.22,10.11,10.21,6800
WTFC,09-Aug-2012,36.89,37.15,36.47,36.69,345300
WTFCW,09-Aug-2012,17.72,17.72,17.72,17.72,0
WVFC,09-Aug-2012,8.65,8.65,8.65,8.65,900
WVVI,09-Aug-2012,3.41,3.5,3.41,3.45,19800
WWD,09-Aug-2012,35.43,35.9,34.92,35.59,232600
WYNN,09-Aug-2012,102.34,103.14,101.3,101.53,1004100
XBKS,09-Aug-2012,4.1,4.1,4,4.02,4000
XLNX,09-Aug-2012,33.57,33.99,33.57,33.72,2340500
XOMA,09-Aug-2012,63.4,64.8,62.4,63.2,258500
XRAY,09-Aug-2012,38.29,38.74,38.29,38.57,808900
XXIA,09-Aug-2012,15.43,15.47,15.18,15.3,598200
YHOO,09-Aug-2012,16.16,16.16,15.98,16.01,8613000
YNDX,09-Aug-2012,21.07,21.09,20.7,20.9,333100
YOD,09-Aug-2012,4.12,4.36,4.12,4.25,2900
YORW,09-Aug-2012,17.84,17.98,17.8,17.84,11100
YRCW,09-Aug-2012,5.33,5.33,5.13,5.2,61200
Z,09-Aug-2012,39.12,39.84,37.77,37.81,871500
ZAGG,09-Aug-2012,8.74,8.94,8.59,8.78,770200
ZBRA,09-Aug-2012,35.6,35.6,35.19,35.25,141800
ZEUS,09-Aug-2012,16.64,16.93,16.16,16.89,104000
ZGNX,09-Aug-2012,16.96,17.36,16.32,17.12,194800
ZION,09-Aug-2012,19,19.11,18.9,19.04,778200
ZIONW,09-Aug-2012,2.89,2.89,2.87,2.87,400
ZIOP,09-Aug-2012,5.25,5.25,5.08,5.18,660400
ZIXI,09-Aug-2012,2.4,2.5,2.4,2.5,317800
ZLTQ,09-Aug-2012,4.91,5.18,4.91,5.15,82600
ZN,09-Aug-2012,1.8,1.81,1.75,1.76,192300
ZNGA,09-Aug-2012,2.89,3.12,2.79,3.01,16931100
ZUMZ,09-Aug-2012,35.09,35.66,34.64,34.76,350800
